/// SU2 - Version 2.00
/// 
P,mBar	T2,K	V(Ge),V	V(Coil),V)	V(Sample-V),V	V(Sample-I),V


1043	 4.306	0.11206781864	-0.00058543228	-0.00018061115	-1.62563312054
1043	 4.306	0.11205784231	-0.00058532355	-0.00018060667	-1.62579119205
1043	 4.306	0.11206442863	-0.00058510381	-0.00018111241	-1.62587189674
1043	 4.306	0.11205615848	-0.00058557815	-0.00018058985	-1.62599956989
1043	 4.306	0.11206384748	-0.00058540783	-0.00018063247	-1.62619876862
1043	 4.306	0.11205236614	-0.00058523065	-0.00018085563	-1.62631976604
1043	 4.306	0.11206414551	-0.00058556820	-0.00018080068	-1.62644720078
1043	 4.306	0.11207390577	-0.00058563438	-0.00018083432	-1.62653779984
1043	 4.306	0.11206007749	0.05364739522	-0.00018072891	-1.62658774853
1043	 4.306	0.11207057536	0.05341264233	-0.00018071097	-1.62669360638
1043	 4.306	0.11205866188	0.16724450886	-0.00018112139	-1.62675881386
1043	 4.306	0.11206775159	0.21585395932	-0.00017090242	-1.62681388855
1043	 4.306	0.11205589771	0.20227533579	-0.00018110455	-1.62691056728
1043	 4.306	0.11207072437	0.22014717758	-0.00018110232	-1.62700235844
1043	 4.306	0.11205704510	0.24788643420	-0.00018114045	-1.62710750103
1043	 4.306	0.11206950247	0.34785807133	-0.00018157891	-1.62707221508
1043	 4.306	0.11205815524	0.43652856350	-0.00016824369	-1.62714612484
1043	 4.306	0.11206946522	0.43422394991	-0.00018143313	-1.62721288204
1043	 4.306	0.11205923557	0.43365243077	-0.00018123130	-1.62723767757
1043	 4.306	0.11206856370	0.45758181810	-0.00018149932	-1.62730467319
1043	 4.306	0.11206059158	0.54800355434	-0.00018194225	-1.62736678123
1043	 4.306	0.11205447465	0.58891493082	-0.00018629202	-1.62740707397
1043	 4.306	0.11206629127	0.58283865452	-0.00018180993	-1.62748372555
1043	 4.306	0.11205376685	0.65309822559	-0.00018239081	-1.62749218941
1043	 4.306	0.11206239462	0.70612543821	-0.00018161483	-1.62750673294
1043	 4.306	0.11205872148	0.73262941837	-0.00018208804	-1.62759888172
1043	 4.306	0.11206655949	0.84956687689	-0.00017587234	-1.62760126591
1043	 4.306	0.11205097288	0.92256665230	-0.00018221365	-1.62760519981
1043	 4.306	0.11206367612	1.08540511131	-0.00016756865	-1.62760698795
1043	 4.306	0.11205346137	1.05668103695	-0.00018185595	-1.62766873837
1043	 4.306	0.11206696182	1.11435425282	-0.00018604985	-1.62772130966
1043	 4.306	0.11205885559	1.10942089558	-0.00018163054	-1.62773299217
1043	 4.306	0.11206653714	1.15374326706	-0.00018027033	-1.62769746780
1043	 4.306	0.11205528677	1.14494097233	-0.00018207124	-1.62769484520
1043	 4.306	0.11209953576	1.23254227638	-0.00018674956	-1.62768387794
1043	 4.306	0.11206007004	1.26340377331	-0.00018648268	-1.62770748138
1043	 4.306	0.11203116179	1.29177975655	-0.00019856535	-1.62772607803
1043	 4.306	0.11211145669	1.39936029911	-0.00025929839	-1.62772071362
1043	 4.306	0.11200822145	1.39219796658	-0.00024586447	-1.62770938873
1043	 4.307	0.11201557517	1.45181488991	-0.00029451484	-1.62769842148
1043	 4.307	0.11197826266	1.45870280266	-0.00028534656	-1.62764596939
1043	 4.307	0.11198138446	1.49981236458	-0.00034179605	-1.62767302990
1043	 4.308	0.11194589734	1.52428829670	-0.00034306091	-1.62765324116
1043	 4.308	0.11194226891	1.51384711266	-0.00034870024	-1.62763512135
1043	 4.308	0.11195155233	1.64021456242	-0.00051421451	-1.62764024734
1043	 4.309	0.11183083802	1.69863128662	-0.00051907450	-1.62770628929
1043	 4.310	0.11176729947	1.69539833069	-0.00057168648	-1.62774431705
1043	 4.310	0.11179794371	1.74459016323	-0.00062464946	-1.62772965431
1043	 4.311	0.11175169796	1.75036454201	-0.00062402041	-1.62777721882
1043	 4.311	0.11170262843	1.80996417999	-0.00067786255	-1.62781178951
1043	 4.311	0.11172250658	1.87146949768	-0.00070160965	-1.62782347202
1043	 4.312	0.11165922880	1.86555874348	-0.00072655641	-1.62784779072
1043	 4.312	0.11167163402	1.93057346344	-0.00074549386	-1.62787866592
1043	 4.312	0.11165171862	1.97719538212	-0.00074192794	-1.62782096863
1043	 4.312	0.11166796833	2.03623938560	-0.00074426353	-1.62783336639
1043	 4.312	0.11165346950	2.04124522209	-0.00074729684	-1.62788736820
1043	 4.312	0.11166244000	2.09906387329	-0.00074799522	-1.62788259983
1043	 4.312	0.11165143549	2.17748713493	-0.00074456708	-1.62791836262
1043	 4.313	0.11166147888	2.16692590714	-0.00074903126	-1.62796318531
1043	 4.312	0.11164752394	2.19441080093	-0.00074916153	-1.62797152996
1043	 4.312	0.11165382713	2.25844740868	-0.00074998010	-1.62800121307
1043	 4.313	0.11165863276	2.35412526131	-0.00074663968	-1.62796306610
1043	 4.313	0.11164877564	2.37077689171	-0.00075040857	-1.62798774242
1043	 4.313	0.11166095734	2.41105866432	-0.00075050612	-1.62798345089
1043	 4.313	0.11164926738	2.44104242325	-0.00075152441	-1.62800407410
1043	 4.312	0.11166072637	2.48742079735	-0.00075204362	-1.62802910805
1043	 4.312	0.11165021360	2.60063290596	-0.00075290032	-1.62805914879
1043	 4.313	0.11166685820	2.76470708847	-0.00075466081	-1.62806439400
1043	 4.313	0.11165223271	2.86151003838	-0.00075598405	-1.62802755833
1043	 4.313	0.11166490614	2.86886215210	-0.00075540307	-1.62803375721
1043	 4.312	0.11165694147	2.88164138794	-0.00075457554	-1.62807428837
1043	 4.312	0.11166698486	2.93219089508	-0.00075577531	-1.62808847427
1043	 4.313	0.11165884882	2.94665026665	-0.00075585383	-1.62808394432
1043	 4.313	0.11166822910	2.94812726974	-0.00075574615	-1.62811911106
1043	 4.313	0.11166372895	2.95406699181	-0.00075578096	-1.62812292576
1043	 4.313	0.11165384948	2.95036792755	-0.00075583812	-1.62813520432
1043	 4.313	0.11167363077	2.96452379227	-0.00075642124	-1.62816965580
1043	 4.313	0.11165284365	2.96253108978	-0.00075642334	-1.62815940380
1043	 4.313	0.11166532338	2.91322612762	-0.00075568096	-1.62821459770
1043	 4.313	0.11165913194	2.86386704445	-0.00075977837	-1.62819159031
1043	 4.313	0.11166162044	2.85040688515	-0.00075525703	-1.62820196152
1043	 4.313	0.11165587604	2.71986413002	-0.00075423997	-1.62822771072
1043	 4.313	0.11165587604	2.71986413002	-0.00075423997	-1.62822771072
1043	 4.313	0.11166571826	2.64342355728	-0.00075513037	-1.62822771072
1043	 4.313	0.11166521162	2.55034518242	-0.00075239432	-1.62830686569
1043	 4.313	0.11165469140	2.45729827881	-0.00075374334	-1.62827169895
1043	 4.313	0.11166879535	2.45059633255	-0.00075167109	-1.62834525108
1043	 4.313	0.11165782809	2.39674401283	-0.00075132458	-1.62829446793
1043	 4.313	0.11165586859	2.25144934654	-0.00075002149	-1.62833023071
1043	 4.312	0.11166384816	2.25023627281	-0.00075018860	-1.62831902504
1043	 4.313	0.11165968329	2.24950289726	-0.00074994413	-1.62835144997
1043	 4.312	0.11167012155	2.18836688995	-0.00074930274	-1.62836611271
1043	 4.312	0.11165551096	2.11396694183	-0.00075137388	-1.62840163708
1043	 4.312	0.11167330295	2.09058547020	-0.00074788427	-1.62839770317
1043	 4.312	0.11165916920	1.92358696461	-0.00074168318	-1.62838876247
1043	 4.312	0.11167342216	1.91144180298	-0.00074063917	-1.62842500210
1043	 4.313	0.11168535054	1.82603442669	-0.00068901514	-1.62844717503
1043	 4.313	0.11170096695	1.74476873875	-0.00061568484	-1.62842118740
1043	 4.312	0.11169983447	1.65531575680	-0.00053503091	-1.62843906879
1043	 4.311	0.11179979146	1.53063988686	-0.00052591768	-1.62846231461
1043	 4.311	0.11189862341	1.46912884712	-0.00039108851	-1.62841379642
1043	 4.309	0.11195418239	1.44750273228	-0.00032483958	-1.62843203545
1043	 4.308	0.11197572201	1.37927138805	-0.00032086324	-1.62847018242
1043	 4.308	0.11202962697	1.21704387665	-0.00021230760	-1.62847447395
1043	 4.307	0.11206713319	1.09039151669	-0.00019247856	-1.62840712070
1043	 4.307	0.11206804216	1.00729346275	-0.00017236694	-1.62839126587
1043	 4.307	0.11207540333	0.96292096376	-0.00018191084	-1.62839591503
1043	 4.306	0.11206667125	0.66471320391	-0.00018157221	-1.62838256359
1043	 4.306	0.11207421124	0.60774981976	-0.00018185591	-1.62838387489
1043	 4.306	0.11205840111	0.54453581572	-0.00018513926	-1.62843489647
1043	 4.306	0.11206176132	0.39384287596	-0.00018168322	-1.62845551968
1043	 4.306	0.11207377166	0.31844735146	-0.00018469745	-1.62840461731
1043	 4.306	0.11209395528	0.31775745749	-0.00018171911	-1.62843608856
1043	 4.306	0.11206500232	0.22461208701	-0.00018121226	-1.62847661972
1043	 4.306	0.11208581179	0.17623859644	-0.00018154306	-1.62846279144
1043	 4.306	0.11207929999	-0.00041305856	-0.00018657687	-1.62843596935
1043	 4.305	0.11207535118	-0.00058373454	-0.00018118200	-1.62841069698
1043	 4.305	0.11208308488	-0.00058458681	-0.00018073794	-1.62840807438
1043	 4.305	0.11206699908	-0.00058449386	-0.00018096558	-1.62844252586
1043	 4.305	0.11207947135	-0.00058528554	-0.00018127060	-1.62845492363
