/// SU2 - Version 2.00
/// 
P,mBar	T2,K	V(Ge),V	V(Coil),V)	V(Sample-V),V	V(Sample-I),V


9	 2.049	0.55468392372	-0.00058625871	-0.00011655234	1.69800448418
9	 2.049	0.55457210541	-0.00058611180	-0.00011654673	1.69799840450
9	 2.049	0.55474269390	-0.00058625534	-0.00011614414	1.69801378250
9	 2.049	0.55458426476	0.02302015387	-0.00011235147	1.69799482822
9	 2.049	0.55463087559	0.07829370350	-0.00011635161	1.69806361198
9	 2.049	0.55465739965	0.14921684563	-0.00011427248	1.69808316231
9	 2.049	0.55460083485	0.18908791244	-0.00011522010	1.69805037975
9	 2.049	0.55473381281	0.20052623749	-0.00011593221	1.69800043106
9	 2.049	0.55459147692	0.21008291841	-0.00011670487	1.69801354408
9	 2.049	0.55464994907	0.22395178676	-0.00011621368	1.69794023037
9	 2.049	0.55468612909	0.28059008718	-0.00011647162	1.69793295860
9	 2.049	0.55456459522	0.31529429555	-0.00011649741	1.69794654846
9	 2.049	0.55471020937	0.32568207383	-0.00011652544	1.69795954227
9	 2.049	0.55463099480	0.33506754041	-0.00011663533	1.69796276093
9	 2.049	0.55462223291	0.34055083990	-0.00011645927	1.69792509079
9	 2.049	0.55472522974	0.37507289648	-0.00011446985	1.69793581963
9	 2.049	0.55456757545	0.38021537662	-0.00011663533	1.69796276093
9	 2.049	0.55472397804	0.38950124383	-0.00011649179	1.69788134098
9	 2.049	0.55467450619	0.42267537117	-0.00011638525	1.69790244102
9	 2.049	0.55461984873	0.42571988702	-0.00011570230	1.69789433479
9	 2.049	0.55471575260	0.45291253924	-0.00011616769	1.69786477089
9	 2.049	0.55457162857	0.54269766808	-0.00011454050	1.69791162014
9	 2.049	0.55468511581	0.52980047464	-0.00011681701	1.69789576530
9	 2.049	0.55462574959	0.53102666140	-0.00011662412	1.69786429405
9	 2.049	0.55460762978	0.56115025282	-0.00011568212	1.69789481163
9	 2.049	0.55473333597	0.59417265654	-0.00011560699	1.69789493084
9	 2.049	0.55459362268	0.61717146635	-0.00011645367	1.69791066647
9	 2.049	0.55468565226	0.62204104662	-0.00011674188	1.69790148735
9	 2.049	0.55470752716	0.62680661678	-0.00011664096	1.69789981842
9	 2.049	0.55459940434	0.65394037962	-0.00011622155	1.69785773754
9	 2.049	0.55477881432	0.65937048197	-0.00011686973	1.69781231880
9	 2.049	0.55464595556	0.66621404886	-0.00011592100	1.69779884815
9	 2.049	0.55470347404	0.68420982361	-0.00011585597	1.69776785374
9	 2.049	0.55476510525	0.70954513550	-0.00011711309	1.69774353504
9	 2.049	0.55465012789	0.71572977304	-0.00011569897	1.69783258438
9	 2.049	0.55479353666	0.72445917130	-0.00011643799	1.69782638550
9	 2.049	0.55468034744	0.73889738321	-0.00011718038	1.69777238369
9	 2.049	0.55468755960	0.83554482460	-0.00011542423	1.69771444798
9	 2.049	0.55474346876	0.89871782064	-0.00011667798	1.69775688648
9	 2.049	0.55461919308	0.90801578760	-0.00011551954	1.69774115086
9	 2.049	0.55474519730	0.98887324333	-0.00011531657	1.69774925709
9	 2.049	0.55468761921	1.02877295017	-0.00011529190	1.69765090942
9	 2.049	0.55461913347	1.03331804276	-0.00011506762	1.69769501686
9	 2.049	0.55472463369	1.04320335388	-0.00011505865	1.69772720337
9	 2.049	0.55456155539	1.05613505840	-0.00011543096	1.69766545296
9	 2.050	0.55469530821	1.06574332714	-0.00011518873	1.69766747952
9	 2.049	0.55466461182	1.08524906635	-0.00011494314	1.69771003723
9	 2.050	0.55457621813	1.10102415085	-0.00011462241	1.69768488407
9	 2.050	0.55477714539	1.11038208008	-0.00011528967	1.69767439365
9	 2.049	0.55459308624	1.11112475395	-0.00011524145	1.69767546654
9	 2.050	0.55470573902	1.12531816959	-0.00011475923	1.69772231579
9	 2.049	0.55468618870	1.13304793835	-0.00011488707	1.69773900509
9	 2.049	0.55461168289	1.13532125950	-0.00011525042	1.69774830341
9	 2.050	0.55475455523	1.15787959099	-0.00011489267	1.69780230522
10	 2.049	0.55463701487	1.20432996750	-0.00011502164	1.69781851768
9	 2.050	0.55465143919	1.21667110920	-0.00011532442	1.69780623913
9	 2.049	0.55470973253	1.27846169472	-0.00011413122	1.69778013229
9	 2.049	0.55457991362	1.29214000702	-0.00011449905	1.69774675369
9	 2.050	0.55475556850	1.29568707943	-0.00011492294	1.69776868820
9	 2.049	0.55466765165	1.37530279160	-0.00011442952	1.69771432877
9	 2.050	0.55462157726	1.41758859158	-0.00011406057	1.69768190384
9	 2.049	0.55473315716	1.44242548943	-0.00011449904	1.69770276546
9	 2.049	0.55456775427	1.48607850075	-0.00011425008	1.69766211510
9	 2.050	0.55474007130	1.50171160698	-0.00011463249	1.69772315025
9	 2.049	0.55463624001	1.50343000889	-0.00011499246	1.69768393040
9	 2.050	0.55461424589	1.59370112419	-0.00010930682	1.69767200947
9	 2.050	0.55472141504	1.62747502327	-0.00011413007	1.69766902924
9	 2.050	0.55461889505	1.65073132515	-0.00011452258	1.69765138626
9	 2.050	0.55470234156	1.66831004620	-0.00011391027	1.69768071175
9	 2.049	0.55468088388	1.67939448357	-0.00011444744	1.69765591621
9	 2.050	0.55460691452	1.67999792099	-0.00011438800	1.69765162468
9	 2.050	0.55474686623	1.73310863972	-0.00011352562	1.69760465622
9	 2.049	0.55462890863	1.73146629333	-0.00011436669	1.69764208794
9	 2.050	0.55476963520	1.80265760422	-0.00011371625	1.69764673710
9	 2.049	0.55470699072	1.79670834541	-0.00011335291	1.69763135910
9	 2.050	0.55459821224	1.82988059521	-0.00011435099	1.69768559933
9	 2.050	0.55477970839	1.84424304962	-0.00011276080	1.69768369198
9	 2.050	0.55460149050	1.88619673252	-0.00011304564	1.69767057896
9	 2.050	0.55463880301	1.90311241150	-0.00011227635	1.69765448570
9	 2.050	0.55466806889	1.92053449154	-0.00011207673	1.69760644436
9	 2.050	0.55457204580	1.92513155937	-0.00011220233	1.69765961170
9	 2.050	0.55469167233	2.03105258942	-0.00010774690	1.69768607616
9	 2.050	0.55461996794	2.08794307709	-0.00010426038	1.69761526585
9	 2.050	0.55455565453	2.10396814346	-0.00010549957	1.69765543938
9	 2.050	0.55456936359	2.20840740204	-0.00010024679	1.69762682915
9	 2.050	0.55440318584	2.24103403091	-0.00008684459	1.69764137268
9	 2.050	0.55444777012	2.27113366127	-0.00008255961	1.69766592979
9	 2.050	0.55421960354	2.32307410240	-0.00006396632	1.69767165184
9	 2.051	0.55381220579	2.41670250893	-0.00001887592	1.69764375687
9	 2.052	0.55358278751	2.41476798058	-0.00000011667	1.69758903980
9	 2.053	0.55313009024	2.45091032982	0.00002985130	1.69759643078
9	 2.054	0.55260598660	2.52640748024	0.00010136256	1.69759559631
9	 2.055	0.55197238922	2.58525872231	0.00014774373	1.69757711887
9	 2.057	0.55145978928	2.62514448166	0.00019021115	1.69755315781
9	 2.058	0.55104905367	2.66015982628	0.00023769133	1.69757890701
9	 2.059	0.55028307438	2.73195600510	0.00031374887	1.69757020473
9	 2.061	0.54986357689	2.74996376038	0.00032759967	1.69753968716
9	 2.062	0.54944396019	2.83799529076	0.00038108509	1.69751954079
9	 2.064	0.54911714792	2.85102152824	0.00038719137	1.69750404358
9	 2.064	0.54920512438	2.85415720940	0.00038854941	1.69751751423
9	 2.065	0.54902189970	2.88497328758	0.00039896541	1.69749653339
9	 2.065	0.54893261194	2.92136025429	0.00041103319	1.69754636288
9	 2.065	0.54891282320	2.94549465179	0.00041698461	1.69748342037
9	 2.065	0.54870092869	2.96307301521	0.00042057666	1.69751179218
9	 2.066	0.54896062613	2.89451074600	0.00040297021	1.69752764702
9	 2.065	0.54895251989	2.86283159256	0.00039154175	1.69754588604
9	 2.065	0.54905968904	2.84757280350	0.00038539973	1.69753289223
9	 2.065	0.54934990406	2.78910779953	0.00035427333	1.69748282433
9	 2.064	0.54967433214	2.71894598007	0.00030320013	1.69749140739
9	 2.063	0.55034089088	2.66987824440	0.00025486646	1.69748878479
9	 2.061	0.55076378584	2.63757514954	0.00020711603	1.69747149944
9	 2.060	0.55178964138	2.54174351692	0.00009942507	1.69751417637
9	 2.057	0.55261117220	2.48295593262	0.00004219961	1.69749712944
9	 2.056	0.55295044184	2.44663906097	0.00001447787	1.69747209549
9	 2.055	0.55326426029	2.41142082214	-0.00000874135	1.69745302200
9	 2.054	0.55352413654	2.36948084831	-0.00003152211	1.69742274284
9	 2.053	0.55369824171	2.30980253220	-0.00005707055	1.69740986824
9	 2.052	0.55421227217	2.21298623085	-0.00008633202	1.69744729996
9	 2.051	0.55428647995	2.14844894409	-0.00009746221	1.69740092754
9	 2.051	0.55449706316	2.02901220322	-0.00010828065	1.69735085964
9	 2.050	0.55451315641	1.93178451061	-0.00011263965	1.69735538960
9	 2.050	0.55453509092	1.87176287174	-0.00011430946	1.69735395908
9	 2.050	0.55470818281	1.79767584801	-0.00011474794	1.69736444950
9	 2.050	0.55464446545	1.75639307499	-0.00011490831	1.69731950760
9	 2.050	0.55466341972	1.70770251751	-0.00011401004	1.69735014439
9	 2.050	0.55474555492	1.65134251118	-0.00011426237	1.69731914997
9	 2.050	0.55466878414	1.63766586781	-0.00011471655	1.69732236862
9	 2.050	0.55486720800	1.59942734241	-0.00011753583	1.69733345509
9	 2.050	0.55464226007	1.49433875084	-0.00011454162	1.69734406471
9	 2.050	0.55471456051	1.47300767899	-0.00011423883	1.69730830193
9	 2.050	0.55477750301	1.42671298981	-0.00011503169	1.69734752178
9	 2.050	0.55462509394	1.39927971363	-0.00011559016	1.69731092453
9	 2.050	0.55475836992	1.26983344555	-0.00011598603	1.69731092453
9	 2.050	0.55470907688	1.20955061913	-0.00011479844	1.69729959965
9	 2.050	0.55469119549	1.13209545612	-0.00011496554	1.69725608826
9	 2.050	0.55477607250	1.06101107597	-0.00011514385	1.69728767872
9	 2.050	0.55470478535	1.02992725372	-0.00011475359	1.69728314877
9	 2.050	0.55480593443	0.84953975677	-0.00011582008	1.69725823402
9	 2.050	0.55475574732	0.75517016649	-0.00011622827	1.69725120068
9	 2.050	0.55470561981	0.64597010612	-0.00011652994	1.69723427296
9	 2.050	0.55484616756	0.59209656715	-0.00011645256	1.69728732109
9	 2.050	0.55471873283	0.48162269592	-0.00011622605	1.69729316235
9	 2.050	0.55477988720	0.33785218000	-0.00011628996	1.69728970528
9	 2.050	0.55484527349	0.21619674563	-0.00011637856	1.69728052616
9	 2.050	0.55470955372	0.17398850620	-0.00011609148	1.69729626179
9	 2.050	0.55487388372	-0.00048738148	-0.00012086765	1.69730484486
9	 2.049	0.55472207069	-0.00058437302	-0.00011614531	1.69729900360
9	 2.050	0.55478680134	-0.00058484729	-0.00011652885	1.69727385044
9	 2.049	0.55482721329	-0.00058510975	-0.00011614420	1.69729840755
