/// SU2 - Version 2.00
/// 
P,mBar	T2,K	V(Ge),V	V(Coil),V)	V(Sample-V),V	V(Sample-I),V


1019	 4.427	0.09999951720	-0.00058680610	-0.00011564510	1.69667470455
1019	 4.417	0.09988658130	-0.00058634410	-0.00011596021	1.69673800468
1019	 4.418	0.09991555661	-0.00058640365	-0.00011591983	1.69668555260
1019	 4.426	0.09989116341	-0.00058680848	-0.00011570115	1.69667267799
1019	 4.417	0.10023196042	0.06111324951	-0.00011585029	1.69671154022
1019	 4.423	0.09998153150	0.10637760162	-0.00011542078	1.69668543339
1019	 4.429	0.09995164722	0.14718535542	-0.00011700088	1.69668114185
1019	 4.417	0.09993735701	0.15394194424	-0.00011698518	1.69666278362
1019	 4.420	0.10020676255	0.17661619186	-0.00011572806	1.69663596153
1019	 4.423	0.10007518530	0.20178955793	-0.00011508771	1.69663906097
1019	 4.414	0.10018417239	0.22318080068	-0.00011520996	1.69664812088
1019	 4.420	0.10030714422	0.30316886306	-0.00011552956	1.69661843777
1019	 4.426	0.10005545616	0.33185666800	-0.00011514043	1.69663155079
1019	 4.430	0.10041493922	0.37215474248	-0.00011463466	1.69664466381
1019	 4.417	0.10027723759	0.43072491884	-0.00011484100	1.69662594795
1019	 4.420	0.10023076087	0.46424168348	-0.00011493744	1.69666397572
1019	 4.422	0.10031964630	0.47719469666	-0.00011522901	1.69664895535
1018	 4.410	0.10013972968	0.50142085552	-0.00011497221	1.69665563107
1018	 4.416	0.10028914362	0.53571289778	-0.00011499351	1.69669306278
1019	 4.413	0.10061280429	0.61510390043	-0.00011465036	1.69668090343
1019	 4.421	0.10022784770	0.63533556461	-0.00011512025	1.69671964645
1019	 4.418	0.10020070523	0.67035883665	-0.00011484325	1.69675397873
1019	 4.424	0.10034210235	0.72542738914	-0.00011476138	1.69676506519
1018	 4.426	0.10049113631	0.80372303724	-0.00011490941	1.69670641422
1018	 4.418	0.10053112358	0.88783931732	-0.00011749207	1.69671297073
1018	 4.421	0.10031879693	0.95949047804	-0.00011425898	1.69674062729
1019	 4.418	0.10037586093	0.97377854586	-0.00011489147	1.69669127464
1018	 4.423	0.10045360029	0.99232274294	-0.00011514043	1.69666528702
1019	 4.410	0.10041947663	1.01995658875	-0.00011476251	1.69665002823
1019	 4.415	0.10059186816	1.02607846260	-0.00011441936	1.69671440125
1019	 4.418	0.10045160353	1.09325194359	-0.00011430274	1.69673800468
1019	 4.415	0.10038577020	1.13132619858	-0.00011380370	1.69676232338
1019	 4.419	0.10045368969	1.18873190880	-0.00010936621	1.69673240185
1019	 4.424	0.10054098070	1.21639966965	-0.00010487825	1.69671559334
1019	 4.412	0.10055112839	1.31551682949	-0.00006724981	1.69677531719
1019	 4.417	0.10050222278	1.37802016735	-0.00002765549	1.69681501389
1019	 4.414	0.10039150715	1.42596006393	0.00002056038	1.69678008556
1019	 4.417	0.10050499439	1.44031119347	0.00003646113	1.69671881199
1019	 4.421	0.10069879144	1.45494186878	0.00006008851	1.69674754143
1019	 4.421	0.10059995949	1.48613440990	0.00009082912	1.69671523571
1019	 4.425	0.10062188655	1.53993105888	0.00018424644	1.69667994976
1019	 4.431	0.10057231784	1.62544834614	0.00028374753	1.69666898251
1019	 4.426	0.10061763972	1.65996658802	0.00032004717	1.69666051865
1018	 4.423	0.10062758625	1.68584334850	0.00034988392	1.69667232037
1019	 4.425	0.10083907098	1.73222374916	0.00039199705	1.69662129879
1019	 4.421	0.10072291642	1.79896938801	0.00045135882	1.69665026665
1019	 4.422	0.10091120005	1.82007706165	0.00046700836	1.69665873051
1019	 4.423	0.10087496042	1.89993619919	0.00047920851	1.69660007954
1018	 4.426	0.10078348219	1.94729685783	0.00048019778	1.69669580460
1018	 4.427	0.10088785738	2.08152890205	0.00048184628	1.69670605659
1019	 4.425	0.10083181411	2.08745861053	0.00048243950	1.69669008255
1018	 4.429	0.10089156777	2.16354322433	0.00048347129	1.69662868977
1019	 4.432	0.10096153617	2.17549800873	0.00048337260	1.69664275646
1018	 4.431	0.10092933476	2.24144911766	0.00048383689	1.69659578800
1019	 4.433	0.10109362006	2.27312374115	0.00048434045	1.69661021233
1019	 4.427	0.10106415302	2.37693262100	0.00048494825	1.69663250446
1019	 4.426	0.10115017742	2.41319251060	0.00048512107	1.69662690163
1019	 4.426	0.10121358931	2.44431066513	0.00048515692	1.69663631916
1019	 4.424	0.10111129284	2.47225093842	0.00048565710	1.69661819935
1018	 4.419	0.10121630877	2.58616876602	0.00048683456	1.69658279419
1019	 4.420	0.10120675713	2.62936806679	0.00048678194	1.69657158852
1018	 4.420	0.10131542385	2.71110177040	0.00048776882	1.69661414623
1019	 4.421	0.10112388432	2.76276779175	0.00048792126	1.69657897949
1018	 4.415	0.10124129057	2.85213041306	0.00048880157	1.69655048847
1018	 4.416	0.10122623295	2.89087176323	0.00048911443	1.69656741619
1019	 4.419	0.10119155049	2.93658518791	0.00048984220	1.69657969475
1019	 4.420	0.10146825761	2.96085572243	0.00048952247	1.69652128220
1019	 4.417	0.10118120164	2.96062397957	0.00048984884	1.69657313824
1019	 4.425	0.10141605884	2.85079026222	0.00048863550	1.69655108452
1019	 4.420	0.10142062604	2.78884935379	0.00048817575	1.69654214382
1019	 4.415	0.10159527510	2.71426415443	0.00048726852	1.69654905796
1019	 4.410	0.10142781585	2.65098476410	0.00048651392	1.69658374786
1019	 4.413	0.10139863193	2.58131647110	0.00048623350	1.69657218456
1019	 4.419	0.10122743249	2.53438162804	0.00048605408	1.69655430317
1019	 4.423	0.10127963126	2.46332788467	0.00048562564	1.69657540321
1019	 4.426	0.10141047835	2.42815995216	0.00048516135	1.69656050205
1019	 4.424	0.10136392713	2.34141230583	0.00048397153	1.69652342796
1019	 4.417	0.10129666328	2.25016498566	0.00048344774	1.69652378559
1019	 4.419	0.10144659877	2.16527009010	0.00048256639	1.69647181034
1019	 4.424	0.10138102621	2.04883909225	0.00048140684	1.69643175602
1019	 4.417	0.10148204863	1.97743785381	0.00048028090	1.69641983509
1019	 4.418	0.10163398832	1.92595648766	0.00047957772	1.69641077518
1019	 4.425	0.10146918893	1.87060594559	0.00047587586	1.69644272327
1018	 4.425	0.10149755329	1.80992925167	0.00046129746	1.69650399685
1019	 4.419	0.10167728364	1.75848698616	0.00041036549	1.69649672508
1019	 4.414	0.10176395625	1.67899096012	0.00032832610	1.69644570351
1019	 4.414	0.10160937160	1.59242558479	0.00023637663	1.69645404816
1019	 4.416	0.10195934027	1.50176906586	0.00013147690	1.69646561146
1019	 4.405	0.10181368887	1.46215581894	0.00009570437	1.69641709328
1019	 4.409	0.10181745142	1.33436512947	-0.00001013516	1.69641649723
1019	 4.415	0.10173457861	1.26783442497	-0.00006574694	1.69638133049
1019	 4.414	0.10179842263	1.13606572151	-0.00011443837	1.69638848305
1018	 4.408	0.10194726288	1.04172122478	-0.00011441483	1.69642043114
1019	 4.410	0.10189490020	1.01596939564	-0.00011458640	1.69637167454
1019	 4.414	0.10172922164	0.89595198631	-0.00011478490	1.69633555412
1019	 4.417	0.10169120878	0.69663548470	-0.00011507872	1.69633746147
1019	 4.418	0.10181082040	0.61728513241	-0.00011804266	1.69637238979
1019	 4.422	0.10178556293	0.48051783442	-0.00011678779	1.69637966156
1019	 4.421	0.10192874074	0.41196191311	-0.00011503723	1.69636118412
1019	 4.419	0.10178447515	0.33277118206	-0.00011498115	1.69639098644
1019	 4.419	0.10184933990	0.20206952095	-0.00011572467	1.69633162022
1019	 4.413	0.10187944770	0.17869104445	-0.00011533665	1.69633710384
1018	 4.417	0.10182179511	0.12062331289	-0.00011560243	1.69632554054
1018	 4.422	0.10184018314	-0.00058409292	-0.00011515385	1.69625711441
1019	 4.422	0.10183803737	-0.00058530958	-0.00011553290	1.69626498222
