/// SU2 - Version 2.00
/// 
P,mBar	T2,K	V(Ge),V	V(Coil),V)	V(Sample-V),V	V(Sample-I),V


1017	 6.397	0.02694106661	-0.00058643497	-0.00011513015	1.69695723057
1017	 6.397	0.02693659253	-0.00058587757	-0.00011547893	1.69698476791
1017	 6.397	0.02694425359	-0.00058653695	-0.00011505615	1.69702374935
1018	 6.397	0.02693803608	-0.00058592804	-0.00011557874	1.69701802731
1018	 6.397	0.02694140002	0.04005844891	-0.00011536903	1.69699919224
1018	 6.397	0.02692737989	0.08253534883	-0.00011563818	1.69699561596
1018	 6.397	0.02694034763	0.12542930245	-0.00011311271	1.69699132442
1018	 6.397	0.02692523599	0.14025533199	-0.00011470402	1.69702672958
1018	 6.398	0.02694096416	0.17886598408	-0.00011502027	1.69704079628
1018	 6.397	0.02692278661	0.18829287589	-0.00011500793	1.69704341888
1018	 6.398	0.02692662738	0.22615139186	-0.00008424247	1.69704425335
1018	 6.398	0.02692566812	0.29245105386	0.00009896647	1.69709861279
1018	 6.398	0.02692374960	0.30033153296	0.00021326206	1.69710648060
1018	 6.398	0.02692020498	0.33876353502	0.00041992916	1.69713854790
1018	 6.399	0.02693824470	0.38667953014	0.00058572437	1.69714748859
1018	 6.399	0.02694418654	0.42247369885	0.00066417101	1.69711184502
1018	 6.399	0.02693022229	0.42886990309	0.00068971067	1.69709968567
1018	 6.400	0.02691854909	0.48775097728	0.00073918706	1.69713568687
1017	 6.400	0.02695842274	0.49791842699	0.00075072888	1.69716489315
1018	 6.400	0.02692671306	0.59757953882	0.00076639181	1.69714093208
1018	 6.400	0.02694074623	0.68416756392	0.00076929637	1.69711935520
1018	 6.400	0.02695309930	0.82831555605	0.00077536557	1.69717156887
1018	 6.400	0.02693571150	0.90957796574	0.00077528582	1.69723427296
1018	 6.400	0.02692531608	0.91170686483	0.00077437970	1.69716227055
1018	 6.400	0.02694193646	0.95421391726	0.00077459373	1.69714117050
1018	 6.400	0.02693706006	1.04064011574	0.00077663135	1.69714200497
1018	 6.400	0.02696277946	1.10372722149	0.00077658659	1.69718325138
1017	 6.400	0.02695002221	1.17772853374	0.00077466649	1.69717633724
1017	 6.400	0.02694637701	1.24108970165	0.00077493564	1.69713628292
1018	 6.399	0.02692917362	1.37696921825	0.00078169792	1.69714796543
1018	 6.400	0.02694943547	1.38223576546	0.00077642477	1.69715416431
1017	 6.400	0.02695877850	1.42426145077	0.00077546592	1.69719684124
1017	 6.400	0.02695675194	1.44003093243	0.00077536388	1.69719469547
1017	 6.400	0.02694176510	1.48394393921	0.00077601871	1.69723057747
1018	 6.400	0.02695426345	1.50046360493	0.00077530864	1.69719398022
1018	 6.400	0.02692729980	1.60250115395	0.00077768834	1.69722473621
1017	 6.400	0.02692739852	1.62028121948	0.00078124087	1.69720232487
1017	 6.399	0.02695338801	1.63756406307	0.00077540620	1.69720435143
1017	 6.399	0.02695582807	1.66255223751	0.00077807071	1.69719684124
1018	 6.399	0.02693728916	1.72724092007	0.00077680906	1.69715285301
1017	 6.399	0.02692831121	1.75902986526	0.00077725650	1.69715559483
1017	 6.399	0.02694511414	1.81818342209	0.00077691110	1.69714808464
1018	 6.400	0.02695446834	1.87304484844	0.00077668577	1.69722771645
1017	 6.399	0.02695115097	1.87951469421	0.00077719544	1.69717812538
1017	 6.399	0.02696181834	1.94047498703	0.00077810377	1.69722497463
1018	 6.400	0.02696291730	1.96188950539	0.00077799498	1.69723618031
1017	 6.399	0.02692029998	1.97429442406	0.00077834510	1.69726872444
1017	 6.399	0.02693865448	2.07899236679	0.00077837310	1.69726920128
1017	 6.399	0.02695823833	2.14939665794	0.00077881163	1.69724607468
1018	 6.399	0.02697131597	2.17241692543	0.00078072830	1.69726133347
1018	 6.399	0.02695422620	2.18720388412	0.00077852583	1.69726991653
1017	 6.399	0.02692751959	2.19790220261	0.00077870453	1.69723355770
1017	 6.400	0.02696785517	2.27813553810	0.00078126031	1.69727003574
1017	 6.399	0.02696369588	2.39459133148	0.00077974971	1.69729351997
1018	 6.399	0.02695108950	2.46713542938	0.00078092859	1.69731533527
1017	 6.399	0.02694481611	2.55174374580	0.00078104617	1.69734394550
1018	 6.399	0.02696303092	2.65428280830	0.00078758074	1.69739043713
1018	 6.399	0.02696333453	2.70824646950	0.00078173605	1.69735038280
1018	 6.399	0.02695709653	2.79968833923	0.00078205433	1.69739270210
1018	 6.399	0.02695722878	2.90409135818	0.00078271824	1.69738698006
1017	 6.399	0.02694314718	2.93418693542	0.00078351219	1.69743156433
1018	 6.399	0.02696524188	2.96051120758	0.00078330451	1.69745385647
1017	 6.399	0.02693554386	2.95961284637	0.00078301411	1.69740140438
1017	 6.399	0.02696297504	2.86902880669	0.00078217749	1.69738936424
1017	 6.399	0.02696668170	2.78093290329	0.00078195211	1.69735014439
1017	 6.399	0.02692687698	2.70954465866	0.00078197330	1.69737517834
1017	 6.399	0.02695826069	2.62227225304	0.00078143051	1.69737601280
1017	 6.400	0.02696721442	2.53019094467	0.00078076101	1.69737505913
1017	 6.399	0.02695639431	2.45844769478	0.00078045361	1.69739997387
1017	 6.399	0.02696878091	2.39742660522	0.00078061398	1.69733297825
1018	 6.399	0.02694783546	2.25939798355	0.00077922764	1.69736862183
1018	 6.399	0.02697796747	2.21138119698	0.00077967398	1.69740712643
1018	 6.399	0.02693790570	2.16076803207	0.00077979174	1.69739603996
1018	 6.400	0.02694476210	2.07066106796	0.00077467447	1.69738698006
1018	 6.400	0.02693910711	2.04818868637	0.00077912060	1.69744765759
1018	 6.400	0.02693002298	1.96297252178	0.00077835022	1.69742274284
1017	 6.400	0.02696790174	1.89775824547	0.00077821454	1.69748854637
1018	 6.400	0.02694154903	1.82291233540	0.00077789050	1.69748055935
1018	 6.400	0.02696231194	1.70523869991	0.00077681168	1.69747042656
1018	 6.400	0.02693572640	1.60683906078	0.00077655050	1.69749438763
1018	 6.400	0.02692890912	1.47981297970	0.00077568140	1.69744634628
1017	 6.400	0.02695803903	1.38183307648	0.00077552325	1.69750368595
1018	 6.400	0.02693335526	1.27881634235	0.00077574869	1.69745182991
1018	 6.400	0.02693904750	1.15988123417	0.00077491545	1.69745290279
1018	 6.400	0.02692504041	1.12807869911	0.00077481673	1.69748973846
1017	 6.400	0.02694081888	1.05327713490	0.00077442994	1.69748306274
1018	 6.400	0.02695168741	0.99758064747	0.00077436824	1.69747877121
1017	 6.400	0.02691702731	0.90605080128	0.00077471923	1.69753360748
1018	 6.400	0.02694400772	0.80342388153	0.00077408552	1.69758129120
1017	 6.400	0.02693528496	0.69698834419	0.00077150174	1.69754266739
1017	 6.400	0.02694280446	0.64357662201	0.00076775934	1.69755744934
1017	 6.400	0.02694337070	0.63505738974	0.00076776720	1.69757056236
1018	 6.400	0.02692517824	0.59332984686	0.00076644734	1.69761574268
1018	 6.400	0.02690177597	0.53377664089	0.00076070795	1.69761812687
1017	 6.400	0.02694927342	0.48444867134	0.00074239157	1.69763612747
1018	 6.400	0.02694529295	0.47277218103	0.00073784438	1.69759404659
1018	 6.400	0.02691982128	0.41583085060	0.00066762685	1.69764482975
1018	 6.400	0.02692091651	0.37757846713	0.00057715742	1.69763565063
1017	 6.400	0.02694495581	0.36463481188	0.00053833670	1.69762623310
1017	 6.400	0.02693452686	0.34843629599	0.00046785339	1.69766509533
1017	 6.399	0.02692293376	0.33813259006	0.00042688393	1.69765436649
1017	 6.399	0.02693810873	0.32150310278	0.00034640415	1.69768798351
1017	 6.399	0.02690492943	0.27400225401	0.00010875086	1.69768452644
1017	 6.398	0.02694066241	0.20281584561	-0.00011007586	1.69765436649
1018	 6.398	0.02690873854	0.18216358125	-0.00011491822	1.69762933254
1018	 6.398	0.02692010254	0.15802851319	-0.00011498550	1.69761645794
1018	 6.398	0.02691611275	0.08463460952	-0.00011547669	1.69767868519
1018	 6.398	0.02690637670	0.02814379893	-0.00011558548	1.69771468639
1017	 6.398	0.02694215998	-0.00058534252	-0.00011482627	1.69772744179
1017	 6.398	0.02690449730	-0.00058556901	-0.00011524568	1.69776320457
