/// SU2 - Version 2.00
/// 
P,mBar	T2,K	V(Ge),V	V(Coil),V)	V(Sample-V),V	V(Sample-I),V


43	 2.329	0.44365593791	-0.00058692711	-0.00011698090	1.66439378262
43	 2.329	0.44365963340	-0.00058706058	-0.00011714239	1.66436052322
43	 2.329	0.44366079569	-0.00058702024	-0.00011670279	1.66437304020
43	 2.329	0.44375601411	0.08278764039	-0.00011691137	1.66443693638
43	 2.329	0.44366297126	0.16634619236	-0.00011669943	1.66447174549
43	 2.329	0.44380530715	0.19800354540	-0.00011664000	1.66449415684
43	 2.329	0.44399678707	0.22244866192	-0.00011704147	1.66443145275
43	 2.328	0.44389581680	0.33081039786	-0.00011653460	1.66444730759
43	 2.328	0.44406372309	0.33507359028	-0.00011697083	1.66451072693
43	 2.328	0.44413864613	0.42493876815	-0.00011684301	1.66448748112
44	 2.328	0.44414544106	0.50772160292	-0.00011702917	1.66447973251
43	 2.328	0.44421178102	0.62499707937	-0.00011616568	1.66442441940
43	 2.328	0.44408470392	0.75656056404	-0.00011597841	1.66442501545
43	 2.328	0.44417223334	1.01626312733	-0.00011533248	1.66446864605
43	 2.328	0.44403651357	1.07379531860	-0.00011235735	1.66446924210
43	 2.328	0.44400161505	1.14803278446	-0.00010239239	1.66452765465
43	 2.328	0.44397529960	1.23203504086	-0.00010776737	1.66451346874
43	 2.328	0.44431197643	1.28352999687	-0.00011629466	1.66452407837
43	 2.328	0.44435468316	1.32639849186	-0.00011565209	1.66453647614
43	 2.327	0.44435337186	1.42805302143	-0.00011499941	1.66454041004
44	 2.327	0.44427841902	1.47110545635	-0.00011571487	1.66447138786
43	 2.328	0.44441601634	1.53180396557	-0.00011513285	1.66448676586
43	 2.327	0.44439512491	1.69130742550	-0.00011537620	1.66458511353
43	 2.327	0.44445407391	1.73843371868	-0.00011481436	1.66458940506
43	 2.327	0.44460570812	1.80693948269	-0.00011374341	1.66465675831
43	 2.327	0.44458171725	1.88675904274	-0.00011204781	1.66461563110
43	 2.326	0.44481045008	1.95382881165	-0.00010933958	1.66466581821
43	 2.326	0.44478076696	2.09763574600	-0.00009801098	1.66462886333
43	 2.325	0.44478309155	2.18394708633	-0.00007700450	1.66462862492
43	 2.326	0.44424456358	2.28563880920	-0.00002376951	1.66464030743
43	 2.327	0.44365078211	2.39234304428	0.00006753664	1.66464447975
43	 2.329	0.44294586778	2.44094133377	0.00011525762	1.66468954086
43	 2.331	0.44245225191	2.53020834923	0.00018517606	1.66467499733
43	 2.333	0.44196435809	2.59044742584	0.00025720161	1.66472339630
43	 2.335	0.44139808416	2.65894031525	0.00032382985	1.66472744942
42	 2.336	0.44100588560	2.74586701393	0.00037691690	1.66472160816
43	 2.337	0.44078096747	2.79543685913	0.00039503124	1.66471254826
43	 2.338	0.44069805741	2.86228036880	0.00041172039	1.66470098495
43	 2.338	0.44050925970	2.95214819908	0.00042407622	1.66472697258
42	 2.339	0.44061821699	2.96156167984	0.00042475708	1.66475307941
43	 2.339	0.44048386812	2.93023228645	0.00042197938	1.66471517086
43	 2.339	0.44067886472	2.84606361389	0.00040803448	1.66475653648
43	 2.338	0.44084301591	2.77610111237	0.00038866079	1.66471207142
42	 2.338	0.44104260206	2.71498656273	0.00036027085	1.66472744942
42	 2.337	0.44111245871	2.64256954193	0.00030934819	1.66476058960
43	 2.336	0.44171950221	2.58214306831	0.00024590697	1.66480302811
42	 2.335	0.44207811356	2.54374432564	0.00019585338	1.66472113132
43	 2.333	0.44289389253	2.46855998039	0.00012389501	1.66475284100
42	 2.332	0.44333589077	2.41248178482	0.00006914155	1.66477167606
42	 2.330	0.44382911921	2.35999345779	0.00002753789	1.66478550434
42	 2.329	0.44443821907	2.24988055229	-0.00003799691	1.66482019424
42	 2.327	0.44467914104	2.22977757454	-0.00004648608	1.66486668587
42	 2.326	0.44494134188	2.20036745071	-0.00005799747	1.66488528252
43	 2.326	0.44492581487	2.16492652893	-0.00007004940	1.66485977173
43	 2.326	0.44510066509	2.15648555756	-0.00007280250	1.66487121582
42	 2.325	0.44489756227	2.08117866516	-0.00009183640	1.66485881805
42	 2.325	0.44536799192	2.02637267113	-0.00009988485	1.66484498978
42	 2.325	0.44524762034	1.93490934372	-0.00010872054	1.66485893726
43	 2.325	0.44526904821	1.87092387676	-0.00011284401	1.66488909721
42	 2.325	0.44535711408	1.79042434692	-0.00011448353	1.66489708424
42	 2.325	0.44573894143	1.71953392029	-0.00011517095	1.66494417191
42	 2.324	0.44568231702	1.64081251621	-0.00011590885	1.66491222382
42	 2.323	0.44557660818	1.53470146656	-0.00011509358	1.66493725777
42	 2.323	0.44570490718	1.49333751202	-0.00011496910	1.66498899460
43	 2.323	0.44597163796	1.44678342342	-0.00011533804	1.66493952274
42	 2.323	0.44590941072	1.34262585640	-0.00011505545	1.66498398781
42	 2.323	0.44572249055	1.22030329704	-0.00011562849	1.66502392292
42	 2.323	0.44591420889	1.13273763657	-0.00011488050	1.66496062279
42	 2.323	0.44599625468	1.07543659210	-0.00011546476	1.66497409344
42	 2.323	0.44600269198	0.98354291916	-0.00011511599	1.66498482227
42	 2.323	0.44617500901	0.86295008659	-0.00011610060	1.66499042511
42	 2.322	0.44625735283	0.64515459538	-0.00011689232	1.66501295567
42	 2.322	0.44618615508	0.53679782152	-0.00011757415	1.66502916813
42	 2.322	0.44617792964	0.46772229671	-0.00011713680	1.66502511501
42	 2.322	0.44593855739	0.36148771644	-0.00011674094	1.66503643990
42	 2.323	0.44600147009	0.19841706753	-0.00011655255	1.66509568691
42	 2.323	0.44608962536	0.14713145792	-0.00011740707	1.66515779495
42	 2.323	0.44611451030	0.09280457348	-0.00011675217	1.66509556770
42	 2.323	0.44634035230	0.01601666585	-0.00011664115	1.66511309147
42	 2.323	0.44618746638	-0.00058489357	-0.00011686320	1.66509723663
