/// SU2 - Version 2.00
/// 
P,mBar	T2,K	V(Ge),V	V(Coil),V)	V(Sample-V),V	V(Sample-I),V


1019	 4.995	0.06544563174	-0.00058655697	-0.00011530522	1.69327259064
1019	 4.995	0.06536998600	-0.00058657385	-0.00011533101	1.69326055050
1019	 4.995	0.06540793180	-0.00058645051	-0.00011558332	1.69328427315
1019	 4.995	0.06535380334	-0.00058676791	-0.00011493738	1.69325339794
1019	 4.995	0.06536979973	-0.00058660202	-0.00011551715	1.69324672222
1019	 4.995	0.06537154317	-0.00058676797	-0.00011586479	1.69322419167
1019	 4.995	0.06537142396	0.13091838360	-0.00011536464	1.69320356846
1019	 4.995	0.06540902704	0.16854269803	-0.00011536016	1.69313812256
1019	 4.995	0.06538721919	0.19744411111	-0.00011521437	1.69315910339
1019	 4.995	0.06538336724	0.27432516217	-0.00011501476	1.69314193726
1019	 4.995	0.06534518301	0.30598652363	-0.00011551155	1.69319343567
1019	 4.995	0.06536506861	0.35951524973	-0.00011527044	1.69322896004
1019	 4.995	0.06538166851	0.42046380043	-0.00011516728	1.69317317009
1019	 4.995	0.06537248939	0.49262043834	-0.00011478486	1.69320952892
1019	 4.995	0.06533557922	0.58118706942	-0.00011517511	1.69323194027
1019	 4.995	0.06532707810	0.64841681719	-0.00011487008	1.69320321083
1019	 4.995	0.06532360613	0.70755690336	-0.00011502484	1.69324934483
1019	 4.995	0.06537023932	0.85815590620	-0.00011425890	1.69325959682
1019	 4.995	0.06533826143	0.98504841328	-0.00009359539	1.69326841831
1019	 4.995	0.06531313807	1.02615725994	-0.00006538464	1.69332718849
1019	 4.996	0.06534069777	1.10454034805	0.00001769669	1.69327270985
1020	 4.996	0.06538353860	1.12999200821	0.00004778807	1.69326353073
1019	 4.996	0.06531205028	1.17231142521	0.00011694122	1.69326281548
1019	 4.996	0.06530281901	1.28548932076	0.00028558000	1.69321203232
1019	 4.997	0.06529590487	1.34287595749	0.00036366866	1.69325649738
1019	 4.998	0.06529521942	1.40251612663	0.00044120793	1.69321882725
1019	 4.998	0.06531247497	1.45100104809	0.00049726944	1.69321858883
1019	 4.998	0.06530545652	1.49889433384	0.00051524729	1.69320881367
1019	 4.998	0.06532127410	1.60091280937	0.00052295276	1.69324517250
1019	 4.998	0.06529783458	1.70899784565	0.00052454404	1.69327282906
1019	 4.998	0.06527393311	1.77739644051	0.00052514178	1.69330036640
1019	 4.998	0.06526583433	1.82093632221	0.00052527187	1.69327211380
1019	 4.998	0.06530861557	1.89638006687	0.00052602211	1.69328260422
1019	 4.998	0.06527019292	1.93941438198	0.00052625209	1.69329369068
1019	 4.998	0.06533027440	2.03362655640	0.00052699662	1.69331634045
1019	 4.998	0.06531515718	2.09369611740	0.00052713347	1.69325554371
1019	 4.998	0.06532768905	2.16763997078	0.00052796898	1.69332659245
1019	 4.998	0.06529518217	2.20389318466	0.00052766624	1.69326317310
1019	 4.998	0.06527606398	2.23962521553	0.00052851631	1.69332504272
1019	 4.998	0.06526228786	2.32647347450	0.00052929344	1.69330930710
1019	 4.998	0.06533534080	2.39785242081	0.00052943022	1.69335019588
1019	 4.999	0.06526464969	2.41579294205	0.00052938872	1.69333004951
1019	 4.999	0.06530183554	2.45336127281	0.00052985089	1.69329321384
1019	 4.998	0.06529830396	2.52999997139	0.00053086801	1.69327557087
1019	 4.998	0.06533290446	2.63588356972	0.00053326896	1.69336640835
1019	 4.998	0.06529570371	2.76597642899	0.00053239544	1.69332349300
1019	 4.999	0.06528124213	2.85345387459	0.00053343631	1.69336307049
1019	 4.998	0.06529649347	2.96559095383	0.00053444895	1.69335615635
1019	 4.998	0.06531950831	2.96619415283	0.00053419563	1.69329166412
1019	 4.999	0.06525066495	2.96580815315	0.00053425162	1.69329881668
1019	 4.999	0.06530879438	2.96367955208	0.00053356646	1.69331514835
1019	 4.999	0.06527394801	2.85057640076	0.00053329294	1.69330751896
1019	 4.999	0.06530048698	2.71426320076	0.00053186424	1.69329917431
1019	 4.999	0.06529004872	2.48193764687	0.00053042540	1.69334638119
1019	 4.999	0.06525154412	2.37342691422	0.00052940939	1.69325780869
1019	 4.999	0.06529466808	2.20385217667	0.00052833516	1.69333279133
1019	 4.999	0.06531070173	2.02805542946	0.00052662718	1.69334435463
1019	 4.999	0.06526450068	1.77105176449	0.00052519742	1.69338202477
1019	 4.999	0.06530456245	1.49155831337	0.00051476370	1.69340658188
1019	 4.999	0.06525777280	1.22880792618	0.00020988499	1.69341957569
1019	 4.998	0.06526818871	0.97539901733	-0.00008847258	1.69336140156
1019	 4.996	0.06523347646	1.07574748993	-0.00000390746	1.69338834286
1019	 4.997	0.06526600569	1.21786475182	0.00018475366	1.69338250160
1019	 4.997	0.06525593996	1.57589280605	0.00052264641	1.69338846207
1019	 4.999	0.06522416323	1.72966182232	0.00052506867	1.69337999821
1019	 4.999	0.06524007767	1.40868747234	0.00051315239	1.69339084625
1019	 4.999	0.06524498016	1.07757270336	0.00002374263	1.69333529472
1019	 4.998	0.06528888643	0.65012359619	-0.00011561129	1.69330871105
1019	 4.997	0.06523488462	0.55386996269	-0.00011505058	1.69329619408
1019	 4.997	0.06525114179	0.40158304572	-0.00011503040	1.69333708286
1019	 4.997	0.06526362896	0.18369606137	-0.00011516273	1.69337153435
1019	 4.997	0.06520707905	0.05346017331	-0.00011503151	1.69341635704
1019	 4.997	0.06526021659	-0.00058314874	-0.00011502366	1.69332182407
1019	 4.997	0.06523744762	-0.00058465241	-0.00011547337	1.69337832928
1019	 4.997	0.06526208669	-0.00058454473	-0.00011506293	1.69335877895
