/// SU2 - Version 2.00
/// 
P,mBar	T2,K	V(Ge),V	V(Coil),V)	V(Sample-V),V	V(Sample-I),V


1020	 5.191	0.05717084557	-0.00058695464	-0.00011496312	1.69315457344
1020	 5.191	0.05718643591	-0.00058654643	-0.00011511563	1.69314968586
1020	 5.191	0.05713791028	-0.00058661483	-0.00011579859	1.69310927391
1019	 5.192	0.05717423558	-0.00058669224	-0.00011538142	1.69312500954
1019	 5.192	0.05708960816	0.03497691453	-0.00010929091	1.69313728809
1020	 5.192	0.05713527277	0.08431234211	-0.00011495752	1.69318616390
1019	 5.192	0.05716931075	0.22338977456	-0.00011486444	1.69319939613
1020	 5.192	0.05712110549	0.38972291350	-0.00011466035	1.69325554371
1019	 5.192	0.05711583048	0.43323895335	-0.00011517396	1.69325125217
1020	 5.192	0.05713932961	0.55060338974	-0.00011505397	1.69325530529
1020	 5.192	0.05710603297	0.66508823633	-0.00011493511	1.69327962399
1020	 5.193	0.05709045008	0.76525437832	-0.00011455831	1.69328892231
1020	 5.192	0.05709152296	0.88779681921	-0.00010614756	1.69330286980
1020	 5.193	0.05707762390	0.97153604031	-0.00002329161	1.69331574440
1020	 5.193	0.05706092343	1.02996706963	0.00006494611	1.69326746464
1020	 5.193	0.05710725486	1.06942617893	0.00012406797	1.69321346283
1020	 5.194	0.05705557019	1.12852644920	0.00022543652	1.69320392609
1020	 5.194	0.05715615675	1.17569863796	0.00030123978	1.69319272041
1020	 5.194	0.05701532960	1.22767758369	0.00038478643	1.69323575497
1020	 5.195	0.05708178133	1.32142412663	0.00050954695	1.69325459003
1020	 5.196	0.05705678090	1.38988482952	0.00053728448	1.69323861599
1019	 5.196	0.05708786473	1.42566418648	0.00054003316	1.69320297241
1020	 5.196	0.05710266158	1.47739422321	0.00054293982	1.69319510460
1020	 5.196	0.05703448132	1.49539303780	0.00054406346	1.69317209721
1020	 5.196	0.05708600208	1.51568806171	0.00054430583	1.69317662716
1020	 5.196	0.05711428821	1.64164781570	0.00054567395	1.69311797619
1019	 5.196	0.05704369396	1.67378473282	0.00054654077	1.69314825535
1020	 5.196	0.05706825480	1.72602343559	0.00054632110	1.69314348698
1019	 5.196	0.05703660101	1.76989424229	0.00054664072	1.69316267967
1020	 5.196	0.05704261735	1.80107235909	0.00054675178	1.69317102432
1019	 5.196	0.05702101812	1.84524226189	0.00054700294	1.69317567348
1019	 5.196	0.05704864487	1.89450371265	0.00054706697	1.69320213795
1020	 5.196	0.05707759783	1.93548405170	0.00054744602	1.69320261478
1020	 5.196	0.05703688413	1.97671759129	0.00054773071	1.69318306446
1020	 5.196	0.05710352585	2.09760355949	0.00054869655	1.69318234921
1019	 5.196	0.05705016106	2.17529320717	0.00054879300	1.69320058823
1020	 5.196	0.05705145746	2.21836996078	0.00054914842	1.69314956665
1020	 5.197	0.05707997456	2.29506874084	0.00054945005	1.69320166111
1020	 5.197	0.05698601156	2.40618276596	0.00055063091	1.69320607185
1019	 5.197	0.05703184009	2.45085263252	0.00055088795	1.69317603111
1020	 5.197	0.05705961958	2.53991866112	0.00055167644	1.69315874577
1020	 5.197	0.05701065063	2.63319087029	0.00055245362	1.69322872162
1020	 5.197	0.05701032281	2.75921297073	0.00055358961	1.69324588776
1019	 5.197	0.05703007430	2.87740302086	0.00055466965	1.69323289394
1020	 5.197	0.05705404654	2.96510624886	0.00055602210	1.69329881668
1020	 5.197	0.05705980584	2.96415638924	0.00055536954	1.69330012798
1019	 5.197	0.05697368830	2.84270763397	0.00055431994	1.69332206249
1020	 5.197	0.05702321976	2.63652300835	0.00055227784	1.69331407547
1019	 5.197	0.05701361969	2.54440522194	0.00055215438	1.69334268570
1020	 5.197	0.05706563592	2.48261833191	0.00055147253	1.69333195686
1020	 5.197	0.05699023977	2.38714027405	0.00055034435	1.69332015514
1019	 5.197	0.05705894530	2.32630729675	0.00055016595	1.69334256649
1020	 5.197	0.05700689927	2.24075746536	0.00053986779	1.69338226318
1020	 5.198	0.05701515824	2.24082016945	0.00054957601	1.69333672523
1019	 5.197	0.05702149495	2.19504928589	0.00054640364	1.69332873821
1020	 5.197	0.05703010038	2.12051248550	0.00054967485	1.69334673882
1020	 5.198	0.05699846521	2.01273036003	0.00054800842	1.69331490993
1020	 5.197	0.05697728321	1.87589979172	0.00054691947	1.69335794449
1020	 5.198	0.05698583648	1.77346754074	0.00054674339	1.69338440895
1020	 5.197	0.05699963868	1.72400248051	0.00054639351	1.69332981110
1020	 5.198	0.05700131878	1.65429186821	0.00054615119	1.69332206249
1020	 5.198	0.05703830719	1.62115013599	0.00054507237	1.69331884384
1020	 5.198	0.05698661506	1.52182543278	0.00054525753	1.69335186481
1019	 5.198	0.05700814724	1.48447108269	0.00054396660	1.69332659245
1020	 5.198	0.05699770898	1.44225478172	0.00054084900	1.69325935841
1020	 5.198	0.05702271685	1.41099953651	0.00053924980	1.69325649738
1020	 5.198	0.05703123659	1.27997493744	0.00046193259	1.69325077534
1019	 5.198	0.05698096752	1.23187160492	0.00039299359	1.69327580929
1019	 5.198	0.05696735159	1.22169888020	0.00037645918	1.69319033623
1019	 5.197	0.05695233494	1.22100877762	0.00037613855	1.69316375256
1020	 5.197	0.05698882043	1.15331435204	0.00031888823	1.69311976433
1019	 5.197	0.05691422895	1.09147131443	0.00017922271	1.69314849377
1020	 5.197	0.05697238818	1.14017856121	0.00025875034	1.69321238995
1020	 5.197	0.05694734678	1.20774662495	0.00036270506	1.69325768948
1019	 5.197	0.05697108805	1.20594167709	0.00035932622	1.69322550297
1019	 5.198	0.05697372183	1.09959840775	0.00019659262	1.69322586060
1019	 5.197	0.05697100982	1.04205191135	0.00011201629	1.69324147701
1020	 5.197	0.05695262179	1.11659264565	0.00022317286	1.69320368767
1019	 5.197	0.05699244514	1.07289695740	0.00015791548	1.69321787357
1020	 5.197	0.05691123381	1.04534792900	0.00011739471	1.69328844547
1019	 5.197	0.05696003884	1.00009286404	0.00006020605	1.69322848320
1020	 5.197	0.05697729439	0.85509538651	-0.00010686187	1.69329249859
1020	 5.196	0.05693608522	0.76062017679	-0.00011470068	1.69332659245
1019	 5.196	0.05700172484	0.89443421364	-0.00009092515	1.69329071045
1019	 5.196	0.05688473955	0.97224342823	-0.00001844462	1.69326376915
1020	 5.196	0.05694104359	1.04167449474	0.00008198986	1.69324564934
1019	 5.197	0.05695139244	0.92580682039	-0.00003639881	1.69328403473
1019	 5.197	0.05694965273	0.75095015764	-0.00011479716	1.69326460361
1020	 5.196	0.05691232532	0.59814429283	-0.00011495191	1.69334697723
1020	 5.196	0.05692793801	0.41640165448	-0.00011526479	1.69334101677
1020	 5.197	0.05691648275	0.29823502898	-0.00011518628	1.69334566593
1020	 5.196	0.05688280240	0.19932514429	-0.00011541281	1.69336676598
1019	 5.196	0.05692058802	0.13895420730	-0.00011530292	1.69337260723
1019	 5.197	0.05689240992	0.02423266321	-0.00011559112	1.69332492352
1019	 5.197	0.05691723526	-0.00058510766	-0.00011509545	1.69337725639
1020	 5.197	0.05690415949	-0.00058523321	-0.00011545543	1.69329476357
1019	 5.197	0.05689963698	-0.00058585225	-0.00011510891	1.69335246086
