/// SU2 - Version 2.00
/// 
P,mBar	T2,K	V(Ge),V	V(Coil),V)	V(Sample-V),V	V(Sample-I),V


1018	 4.597	0.08877509087	-0.00058679772	-0.00011521441	1.69531226158
1018	 4.596	0.08872621506	-0.00058692670	-0.00011551943	1.69530117512
1018	 4.597	0.08868964761	-0.00058653316	-0.00011523571	1.69527959824
1018	 4.597	0.08871679753	-0.00058649277	-0.00011540281	1.69532120228
1018	 4.596	0.08874388039	-0.00058656558	-0.00011571345	1.69536423683
1018	 4.597	0.08869865537	-0.00058708258	-0.00011528842	1.69536435604
1018	 4.598	0.08872464299	0.03271425888	-0.00011567419	1.69536626339
1018	 4.598	0.08869309723	0.08449210227	-0.00011552056	1.69534695148
1018	 4.598	0.08869112283	0.08742725104	-0.00011536805	1.69540369511
1018	 4.599	0.08878064156	0.17886911333	-0.00011441034	1.69537687302
1018	 4.595	0.08868444711	0.19551037252	-0.00011679675	1.69536173344
1018	 4.597	0.08870961517	0.22173005342	-0.00011387542	1.69535875320
1018	 4.599	0.08873955160	0.24904504418	-0.00011524357	1.69537878036
1018	 4.596	0.08868038654	0.37435686588	-0.00011541740	1.69531941414
1018	 4.595	0.08863694966	0.59246420860	-0.00011518077	1.69528949261
1018	 4.597	0.08867222071	0.75052785873	-0.00010854862	1.69526994228
1018	 4.599	0.08873388916	0.90119343996	-0.00011512470	1.69522333145
1018	 4.599	0.08868893981	1.03092300892	-0.00011431727	1.69525122643
1018	 4.599	0.08870553225	1.15396559238	-0.00009954914	1.69523727894
1018	 4.595	0.08853271604	1.33004176617	-0.00005946919	1.69522368908
1018	 4.595	0.08863679320	1.43151390553	0.00015022272	1.69525408745
1018	 4.599	0.08860570937	1.48918998241	0.00022421588	1.69523584843
1018	 4.601	0.08863417059	1.66755783558	0.00038598682	1.69518911839
1018	 4.601	0.08863658458	1.75495553017	0.00048153385	1.69521450996
1018	 4.601	0.08861695975	1.80502796173	0.00048885116	1.69514703751
1018	 4.600	0.08858320862	1.87728548050	0.00049127906	1.69520092010
1018	 4.601	0.08860575408	1.98457932472	0.00049554044	1.69517195225
1018	 4.602	0.08860348910	2.04938340187	0.00049302739	1.69514727592
1018	 4.603	0.08860854805	2.17168641090	0.00049458502	1.69512593746
1018	 4.603	0.08858905733	2.18888235092	0.00049314374	1.69514751434
1018	 4.603	0.08860746026	2.23137760162	0.00049401290	1.69520401955
1018	 4.602	0.08861239254	2.37056827545	0.00049549993	1.69514632225
1018	 4.603	0.08864853531	2.41208267212	0.00050104217	1.69514203072
1018	 4.603	0.08861875534	2.43432950974	0.00049582194	1.69517111778
1018	 4.603	0.08863919228	2.48304009438	0.00049606862	1.69520974159
1018	 4.600	0.08864577860	2.54401040077	0.00049676059	1.69521558285
1018	 4.601	0.08858481795	2.58925557137	0.00049711263	1.69520556927
1018	 4.602	0.08867061138	2.75141954422	0.00049851328	1.69520556927
1018	 4.602	0.08866109699	2.83891868591	0.00049920863	1.69517636299
1018	 4.602	0.08866602927	2.86226677895	0.00049963483	1.69514548779
1018	 4.603	0.08864786476	2.93532490730	0.00050029199	1.69522976875
1018	 4.602	0.08862668276	2.96573877335	0.00050092576	1.69525122643
1018	 4.601	0.08863385767	2.85275459290	0.00049931760	1.69520509243
1018	 4.602	0.08868928999	2.76471281052	0.00049884437	1.69511902332
1018	 4.601	0.08862312138	2.70420050621	0.00049824774	1.69512069225
1018	 4.602	0.08863633126	2.58678174019	0.00049729226	1.69509232044
1018	 4.603	0.08871125430	2.53392148018	0.00049656891	1.69504070282
1018	 4.603	0.08865375817	2.48354363441	0.00049646565	1.69510042667
1018	 4.603	0.08869497478	2.42487359047	0.00049627054	1.69515085220
1018	 4.602	0.08865853399	2.33316612244	0.00049511099	1.69513571262
1018	 4.602	0.08864874393	2.28740572929	0.00049472193	1.69512867928
1018	 4.603	0.08870592713	2.21540570259	0.00049392466	1.69515800476
1018	 4.602	0.08864551038	2.17621994019	0.00049389777	1.69517707825
1018	 4.603	0.08868672699	2.14257025719	0.00049393927	1.69517338276
1018	 4.603	0.08871837705	2.04499983788	0.00049253536	1.69514751434
1018	 4.603	0.08872147650	1.97199189663	0.00049169542	1.69514608383
1018	 4.604	0.08871673793	1.90882205963	0.00049113249	1.69512093067
1018	 4.603	0.08867923915	1.84066021442	0.00049012230	1.69512617588
1018	 4.602	0.08870387077	1.79719257355	0.00048866781	1.69514322281
1018	 4.603	0.08871890604	1.78199195862	0.00048742865	1.69517922401
1018	 4.602	0.08868622035	1.74300158024	0.00048429097	1.69514381886
1018	 4.603	0.08870381117	1.70518124104	0.00047279851	1.69515895844
1018	 4.603	0.08871760964	1.65634381771	0.00042331647	1.69517230988
1018	 4.603	0.08872286975	1.63506889343	0.00040421507	1.69513034821
1018	 4.603	0.08874236792	1.52846813202	0.00027765697	1.69511890411
1018	 4.600	0.08870244026	1.49643063545	0.00024352847	1.69511985779
1018	 4.601	0.08878038079	1.48676121235	0.00023292875	1.69511330128
1018	 4.602	0.08880693465	1.48285317421	0.00022884898	1.69514632225
1018	 4.601	0.08875878900	1.48390090466	0.00022710857	1.69517326355
1018	 4.601	0.08875658363	1.43571567535	0.00018151222	1.69519150257
1018	 4.602	0.08879368752	1.41818869114	0.00015619701	1.69520533085
1018	 4.602	0.08881267905	1.35884737968	0.00009068520	1.69518315792
1018	 4.601	0.08878637105	1.28225648403	0.00001430105	1.69519317150
1018	 4.600	0.08878979832	1.22612965107	-0.00002915784	1.69513309002
1018	 4.601	0.08885221183	1.19087731838	-0.00006054226	1.69511532784
1018	 4.600	0.08876545727	1.13126873970	-0.00010260048	1.69513666630
1018	 4.600	0.08881059289	1.05051732063	-0.00011057835	1.69518828392
1018	 4.600	0.08882142603	1.03429877758	-0.00011444168	1.69513273239
1018	 4.600	0.08881425112	0.97669035196	-0.00011463906	1.69511342049
1018	 4.600	0.08882351965	0.90091115236	-0.00011470634	1.69513118267
1018	 4.600	0.08880660683	0.79610550404	-0.00011424544	1.69514489174
1018	 4.601	0.08883193135	0.70351469517	-0.00011419722	1.69513392448
1018	 4.600	0.08881463110	0.64347767830	-0.00011480953	1.69513595104
1018	 4.599	0.08877909929	0.61678010225	-0.00011513698	1.69515621662
1018	 4.600	0.08883783221	0.57849752903	-0.00011499905	1.69514954090
1018	 4.601	0.08880918473	0.50083231926	-0.00011489924	1.69506728649
1018	 4.601	0.08880269527	0.42973214388	-0.00011499568	1.69507241249
1018	 4.600	0.08881286532	0.38245782256	-0.00011476018	1.69504034519
1018	 4.600	0.08879836649	0.33853688836	-0.00011494634	1.69508266449
1018	 4.601	0.08882948011	0.29532799125	-0.00011536576	1.69506466389
1018	 4.601	0.08881886303	0.19431358576	-0.00011539493	1.69499802589
1018	 4.600	0.08881857991	0.18081282079	-0.00011533773	1.69500982761
1018	 4.600	0.08883531392	0.14372466505	-0.00011559902	1.69503974915
1018	 4.600	0.08881941438	0.10099388659	-0.00011553959	1.69504022598
1018	 4.601	0.08883333951	0.08743277937	-0.00011561249	1.69506049156
1018	 4.600	0.08881184459	0.04021077976	-0.00011493514	1.69503092766
1018	 4.601	0.08882970363	-0.00058479194	-0.00011539941	1.69497811794
1018	 4.601	0.08881384879	-0.00058658730	-0.00011513699	1.69492089748
