/// SU2 - Version 2.00
/// 
P,mBar	T2,K	V(Ge),V	V(Coil),V)	V(Sample-V),V	V(Sample-I),V


1018	 6.197	0.02999447845	-0.00058637082	-0.00011527709	1.69635593891
1018	 6.197	0.02999491803	-0.00058587291	-0.00011555408	1.69629120827
1018	 6.197	0.03000032343	0.05795464292	-0.00011519859	1.69633448124
1018	 6.197	0.03000500239	0.14183308184	-0.00011537241	1.69634151459
1018	 6.197	0.02998137102	0.19642332196	-0.00011512906	1.69633710384
1018	 6.197	0.03000524268	0.21919357777	-0.00011533764	1.69631385803
1018	 6.197	0.02998385765	0.29494553804	-0.00011443377	1.69635653496
1018	 6.197	0.02998354100	0.34994164109	-0.00007450172	1.69634306431
1018	 6.197	0.02997456864	0.41953501105	0.00015209311	1.69638299942
1018	 6.198	0.02998407558	0.42517375946	0.00017291591	1.69631445408
1018	 6.198	0.02998365834	0.49830308557	0.00046911376	1.69633448124
1018	 6.199	0.02997976169	0.54449510574	0.00060251955	1.69631612301
1018	 6.199	0.02999495529	0.60540050268	0.00068079121	1.69632434845
1018	 6.199	0.02998513542	0.64644849300	0.00070656411	1.69630897045
1018	 6.200	0.02999292687	0.71021372080	0.00071740500	1.69635784626
1018	 6.200	0.03000276163	0.85485428572	0.00072452845	1.69636142254
1018	 6.200	0.02997414954	1.03509998322	0.00072609761	1.69635200500
1018	 6.199	0.02997488342	1.07004213333	0.00072664040	1.69634306431
1018	 6.200	0.02997381799	1.08555185795	0.00072611187	1.69630765915
1018	 6.200	0.03002306633	1.22140836716	0.00073794194	1.69635009766
1018	 6.199	0.03000747226	1.27852213383	0.00072755193	1.69634914398
1018	 6.199	0.03000514396	1.38522553444	0.00072794524	1.69633078575
1018	 6.199	0.02999422513	1.44043529034	0.00073025649	1.69632887840
1018	 6.199	0.02998710983	1.48383212090	0.00072662864	1.69633758068
1018	 6.199	0.03001753613	1.51511132717	0.00073086424	1.69636273384
1018	 6.199	0.03001656383	1.64891147614	0.00073816255	1.69635260105
1018	 6.199	0.03000544757	1.68298637867	0.00072544883	1.69637119770
1018	 6.199	0.02997821383	1.73079800606	0.00072817737	1.69632458687
1018	 6.199	0.02999429591	1.77591121197	0.00072818319	1.69633471966
1018	 6.199	0.03001165390	1.82356548309	0.00072872819	1.69629848003
1018	 6.199	0.03002567589	1.96944272518	0.00073335320	1.69627857208
1018	 6.199	0.02997654304	2.03795671463	0.00072952814	1.69626128674
1018	 6.199	0.03000942990	2.17555499077	0.00072998117	1.69633591175
1018	 6.199	0.02998643182	2.23496532440	0.00073371339	1.69630599022
1018	 6.199	0.03001185879	2.32690143585	0.00073253940	1.69628238678
1018	 6.199	0.03001723811	2.40161967278	0.00073197531	1.69628095627
1018	 6.199	0.02999477647	2.43248629570	0.00073165144	1.69624197483
1018	 6.199	0.03000114858	2.46539282799	0.00073218759	1.69625377655
1018	 6.199	0.03001040965	2.48972344398	0.00073255430	1.69627165794
1018	 6.199	0.03000416234	2.56779766083	0.00073258113	1.69629573822
1018	 6.199	0.03003258817	2.58379173279	0.00073302619	1.69630026817
1018	 6.199	0.03005008027	2.62861442566	0.00073171523	1.69630038738
1018	 6.199	0.03003230877	2.71236753464	0.00073374721	1.69631052017
1018	 6.199	0.03002056479	2.79882597923	0.00073471840	1.69629549980
1018	 6.199	0.03002648801	2.85612988472	0.00073473522	1.69626045227
1018	 6.199	0.03002445400	2.96292519569	0.00073500234	1.69627845287
1018	 6.200	0.03000473231	2.80039477348	0.00073380140	1.69635522366
1018	 6.199	0.03003382497	2.63849973679	0.00073322048	1.69632041454
1018	 6.199	0.02998696081	2.55651450157	0.00073078455	1.69634807110
1018	 6.199	0.03003693931	2.44497919083	0.00073221989	1.69633376598
1018	 6.199	0.02999830991	2.24368023872	0.00073174550	1.69634187222
1018	 6.199	0.02999604866	2.20162010193	0.00073090114	1.69640338421
1018	 6.200	0.03000289574	2.08928966522	0.00073054986	1.69634211063
1018	 6.200	0.03001355007	2.03444337845	0.00072973006	1.69630503654
1018	 6.200	0.03002294339	1.97513258457	0.00072943972	1.69630396366
1018	 6.200	0.03000680916	1.90455377102	0.00072876579	1.69626581669
1018	 6.200	0.03001403622	1.83817899227	0.00072863122	1.69630944729
1018	 6.200	0.03001714870	1.72711598873	0.00072865246	1.69635069370
1018	 6.200	0.02999670431	1.55089116096	0.00072252948	1.69628965855
1018	 6.200	0.03000800125	1.46580970287	0.00071825902	1.69625794888
1018	 6.200	0.02999924496	1.25856435299	0.00072640635	1.69626355171
1018	 6.200	0.02999938279	1.14165914059	0.00072578271	1.69625163078
1018	 6.200	0.02999914438	1.00959694386	0.00072531396	1.69622218609
1018	 6.200	0.03000014089	0.79749423265	0.00072025519	1.69620203972
1018	 6.200	0.03000057489	0.65520727634	0.00070855417	1.69617271423
1018	 6.200	0.02999468520	0.64535576105	0.00070618006	1.69619727135
1018	 6.200	0.02995887026	0.62765800953	0.00069987308	1.69619882107
1018	 6.200	0.02997217700	0.59200549126	0.00067290367	1.69621181488
1018	 6.200	0.02998735942	0.51528310776	0.00053295749	1.69628834724
1018	 6.200	0.02999304980	0.42311418056	0.00017180930	1.69628965855
1018	 6.199	0.02998561412	0.36603772640	-0.00001913864	1.69632756710
1018	 6.198	0.02997565083	0.36571452022	-0.00001505101	1.69633769989
1018	 6.198	0.02999266982	0.42114889622	0.00015658131	1.69631052017
1018	 6.198	0.02993569151	0.50765353441	0.00050690887	1.69632470608
1018	 6.199	0.02999926358	0.55571711063	0.00062348769	1.69638752937
1018	 6.200	0.02995001525	0.50157850981	0.00049586617	1.69638442993
1018	 6.199	0.02999441139	0.33351457119	0.00017346234	1.69635510445
1018	 6.199	0.02997175045	0.33714950085	-0.00008803515	1.69636237621
1018	 6.198	0.02995590866	0.40487399697	0.00009434506	1.69639134407
1018	 6.199	0.02994982339	0.43068677187	0.00019324335	1.69642651081
1018	 6.199	0.02995177731	0.52166062593	0.00049749220	1.69634926319
1018	 6.200	0.02996876650	0.54662764072	0.00066374277	1.69634532928
1018	 6.200	0.02996882983	0.41900813580	0.00026803077	1.69631898403
1018	 6.199	0.02999453805	0.26126781106	-0.00011517388	1.69631648064
1018	 6.198	0.02995981649	0.01237006485	-0.00011613384	1.69638729095
1018	 6.198	0.02997309156	-0.00058355735	-0.00011508643	1.69641971588
