/// SU2 - Version 2.00
/// 
P,mBar	T2,K	V(Ge),V	V(Coil),V)	V(Sample-V),V	V(Sample-I),V


48	 2.391	0.42412480712	-0.00058692554	-0.00011713234	1.66337931156
49	 2.389	0.42336532474	-0.00058707688	-0.00011678246	1.66338276863
48	 2.390	0.42345398664	0.03706083819	-0.00011654360	1.66343915462
47	 2.388	0.42524093390	0.16262429953	-0.00011678694	1.66342484951
48	 2.386	0.42410188913	0.27750793099	-0.00011640902	1.66344070435
47	 2.388	0.42481145263	0.34776479006	-0.00011656265	1.66334247589
47	 2.385	0.42555952072	0.43012318015	-0.00011680264	1.66338133812
48	 2.385	0.42475366592	0.61301386356	-0.00011694281	1.66338694096
47	 2.385	0.42593136430	0.70810461044	-0.00011637536	1.66332399845
47	 2.383	0.42586567998	0.85549080372	-0.00011634060	1.66339802742
47	 2.384	0.42560616136	1.08168268204	-0.00011523376	1.66335451603
46	 2.383	0.42685934901	1.21118915081	-0.00011529542	1.66339373589
47	 2.381	0.42652603984	1.29230880737	-0.00011515188	1.66342699528
47	 2.382	0.42646163702	1.47644901276	-0.00011528308	1.66345727444
46	 2.380	0.42799207568	1.51244556904	-0.00011469097	1.66348886490
46	 2.378	0.42720043659	1.64295005798	-0.00011494666	1.66353285313
46	 2.379	0.42765095830	1.70187890530	-0.00011502404	1.66341269016
48	 2.378	0.42687845230	1.77837288380	-0.00011390710	1.66342437267
49	 2.382	0.42381635308	1.77647602558	-0.00011380056	1.66346907616
48	 2.388	0.42361807823	1.90914368629	-0.00011050244	1.66348695755
49	 2.389	0.42383068800	1.96105766296	-0.00010726602	1.66346883774
49	 2.390	0.42276647687	2.03590822220	-0.00010086942	1.66348934174
48	 2.391	0.42349046469	2.15926647186	-0.00007689563	1.66351151466
49	 2.390	0.42329573631	2.18356513977	-0.00006741961	1.66352868080
48	 2.392	0.42250376940	2.23090791702	-0.00005178811	1.66355240345
48	 2.392	0.42320758104	2.36298632622	-0.00000643215	1.66355872154
49	 2.392	0.42197349668	2.37108707428	0.00007494946	1.66352987289
48	 2.396	0.42147979140	2.40178251266	0.00010332932	1.66353309155
48	 2.396	0.42195719481	2.50784468651	0.00018452590	1.66357719898
48	 2.397	0.42009943724	2.57950973511	0.00027177366	1.66358542442
48	 2.400	0.41997122765	2.62899303436	0.00031564818	1.66360139847
48	 2.401	0.42002728581	2.67020630836	0.00034866607	1.66364645958
48	 2.402	0.41878417134	2.71780467033	0.00037489054	1.66368186474
48	 2.404	0.41952151060	2.74559187889	0.00038616869	1.66371846199
48	 2.403	0.41918507218	2.75441217422	0.00038953609	1.66369438171
48	 2.405	0.41845378280	2.84209704399	0.00041266877	1.66367018223
48	 2.406	0.41943895817	2.85012555122	0.00041425784	1.66371095181
48	 2.404	0.41872039437	2.93081307411	0.00042474200	1.66376817226
48	 2.407	0.41850399971	2.95811676979	0.00042683538	1.66374003887
48	 2.406	0.41932648420	2.85680317879	0.00041561769	1.66382086277
48	 2.406	0.41816359758	2.83454203606	0.00041192037	1.66385304928
48	 2.408	0.41871970892	2.75647044182	0.00038839632	1.66389226913
48	 2.406	0.41926378012	2.74172592163	0.00038462610	1.66387629509
48	 2.406	0.41822871566	2.67821192741	0.00035261636	1.66394150257
48	 2.407	0.41942688823	2.58604407310	0.00027862829	1.66389882565
48	 2.404	0.41970947385	2.56975650787	0.00025973233	1.66390466690
48	 2.405	0.41925850511	2.53005647659	0.00021019462	1.66393542290
48	 2.404	0.42055323720	2.44194555283	0.00012305462	1.66391789913
48	 2.401	0.42041784525	2.38190484047	0.00006759819	1.66395258904
48	 2.402	0.42068707943	2.29759263992	0.00000526735	1.66399633884
48	 2.400	0.42204609513	2.20880270004	-0.00004261059	1.66403090954
48	 2.398	0.42126122117	2.16199421883	-0.00006114654	1.66399312019
48	 2.399	0.42179536819	2.11008596420	-0.00007760451	1.66405463219
48	 2.397	0.42241081595	1.98067295551	-0.00010250568	1.66403126717
48	 2.398	0.42146378756	1.90985751152	-0.00010861293	1.66404342651
48	 2.398	0.42243278027	1.84340083599	-0.00011251659	1.66406226158
48	 2.396	0.42232158780	1.81266999245	-0.00011347092	1.66405749321
48	 2.398	0.42166531086	1.78008878231	-0.00011364922	1.66410708427
48	 2.398	0.42259654403	1.72363746166	-0.00011512276	1.66406190395
48	 2.397	0.42193344235	1.63928115368	-0.00011602214	1.66403079033
48	 2.398	0.42161256075	1.52609956264	-0.00011433441	1.66406834126
48	 2.398	0.42270544171	1.49149835110	-0.00011521808	1.66406071186
49	 2.397	0.42152202129	1.41696059704	-0.00011539751	1.66404867172
48	 2.399	0.42194277048	1.31670093536	-0.00011526854	1.66402816772
48	 2.398	0.42232549191	1.13333690166	-0.00011522144	1.66405785084
48	 2.398	0.42146378756	1.04478383064	-0.00011524947	1.66407430172
48	 2.399	0.42224234343	0.94503897429	-0.00011568684	1.66400980949
48	 2.398	0.42209523916	0.73728740215	-0.00011635857	1.66398787498
48	 2.399	0.42139258981	0.58911651373	-0.00011717160	1.66387069225
48	 2.399	0.42236521840	0.48764750361	-0.00011639445	1.66386985779
48	 2.398	0.42155560851	0.40831092000	-0.00011710769	1.66394233704
48	 2.400	0.42148479819	0.30063283443	-0.00011690471	1.66398501396
48	 2.399	0.42239677906	0.18521891534	-0.00011872702	1.66401481628
49	 2.399	0.42122620344	0.13106219471	-0.00012118967	1.66407084465
48	 2.400	0.42189544439	0.00390682416	-0.00011695069	1.66410744190
48	 2.398	0.42232486606	-0.00058463879	-0.00011699217	1.66409540176
48	 2.399	0.42129927874	-0.00058544165	-0.00011687556	1.66410696507
48	 2.400	0.42208456993	-0.00058590475	-0.00011686770	1.66406297684
