/// SU2 - Version 2.00
/// 
P,mBar	T2,K	V(Ge),V	V(Coil),V)	V(Sample-V),V	V(Sample-I),V


1018	 4.797	0.07659447193	-0.00058751466	-0.00011588611	1.69372308254
1018	 4.797	0.07661546022	-0.00058684859	-0.00011536240	1.69370520115
1018	 4.797	0.07660753280	-0.00058683852	-0.00011583677	1.69366621971
1018	 4.797	0.07658497989	0.03629695997	-0.00011545548	1.69373035431
1018	 4.797	0.07658419758	0.08516917378	-0.00011554968	1.69370710850
1018	 4.797	0.07663424313	0.11570934951	-0.00011559678	1.69369614124
1018	 4.797	0.07658869773	0.18438743055	-0.00011558893	1.69372928143
1018	 4.797	0.07653512061	0.24169644713	-0.00011516504	1.69368827343
1018	 4.797	0.07660038769	0.30209484696	-0.00011506186	1.69368898869
1018	 4.797	0.07657765597	0.34884250164	-0.00011523232	1.69369018078
1018	 4.797	0.07657182962	0.42105135322	-0.00011518299	1.69364428520
1018	 4.797	0.07661706954	0.49096190929	-0.00011442153	1.69370746613
1018	 4.797	0.07658332586	0.54528039694	-0.00011507756	1.69366800785
1018	 4.797	0.07658280432	0.58424597979	-0.00011490037	1.69367206097
1018	 4.797	0.07654192299	0.65047550201	-0.00011490373	1.69360435009
1018	 4.797	0.07658178359	0.75659936666	-0.00011504615	1.69361233711
1018	 4.797	0.07655777782	0.83545023203	-0.00011477365	1.69358479977
1018	 4.797	0.07652571797	0.99162250757	-0.00011361409	1.69353771210
1018	 4.797	0.07656733692	1.07943105698	-0.00009893791	1.69358682632
1018	 4.797	0.07653778791	1.12579333782	-0.00007286800	1.69356346130
1018	 4.798	0.07656436414	1.22179222107	-0.00006134640	1.69356620312
1018	 4.798	0.07651340961	1.36092376709	0.00006944282	1.69353806973
1018	 4.798	0.07655192912	1.38720440865	0.00024319183	1.69358432293
1018	 4.799	0.07648562640	1.47281503677	0.00035499409	1.69362366199
1018	 4.799	0.07647190988	1.50010502338	0.00038638391	1.69364213943
1018	 4.800	0.07649430633	1.60160911083	0.00048941100	1.69358801842
1018	 4.800	0.07653517276	1.69643664360	0.00050265959	1.69360435009
1018	 4.800	0.07652644068	1.77919757366	0.00050512678	1.69358241558
1018	 4.800	0.07653942704	1.81909656525	0.00050524226	1.69360005856
1018	 4.800	0.07649431378	1.88742864132	0.00050638278	1.69358050823
1018	 4.800	0.07648368180	1.93405008316	0.00050614832	1.69360804558
1018	 4.800	0.07652866840	2.00971937180	0.00050689513	1.69364535809
1018	 4.800	0.07649153471	2.09166646004	0.00050732464	1.69365632534
1018	 4.800	0.07652448118	2.16945219040	0.00050836988	1.69363057613
1018	 4.800	0.07651907951	2.21671795845	0.00050875236	1.69368302822
1018	 4.800	0.07654551417	2.26629424095	0.00050929404	1.69366002083
1018	 4.800	0.07652354240	2.37739205360	0.00050927832	1.69359612465
1018	 4.800	0.07651098073	2.39686274529	0.00050979410	1.69365465641
1018	 4.800	0.07647745311	2.41493201256	0.00050983561	1.69365859032
1018	 4.800	0.07652912289	2.47531437874	0.00051015196	1.69364356995
1018	 4.800	0.07651057839	2.52842593193	0.00051107368	1.69360768795
1018	 4.800	0.07655132562	2.58644247055	0.00051162770	1.69362521172
1018	 4.800	0.07653514296	2.71254181862	0.00051200349	1.69363605976
1018	 4.800	0.07648807019	2.81262755394	0.00051375531	1.69363617897
1018	 4.800	0.07655513287	2.93612933159	0.00051478588	1.69367420673
1018	 4.800	0.07649846375	2.96352601051	0.00051459420	1.69363903999
1018	 4.800	0.07655443251	2.96567606926	0.00051504391	1.69359099865
1018	 4.800	0.07652163506	2.86354351044	0.00051354681	1.69359242916
1018	 4.800	0.07650118321	2.75443410873	0.00051248720	1.69359338284
1018	 4.800	0.07652425766	2.69002461433	0.00051228644	1.69367575645
1018	 4.800	0.07652974129	2.62478661537	0.00051170669	1.69366276264
1018	 4.800	0.07651983202	2.50307273865	0.00051027461	1.69367277622
1018	 4.800	0.07654291391	2.43962645531	0.00051004358	1.69371294975
1018	 4.800	0.07654963434	2.39932441711	0.00051001442	1.69367229939
1018	 4.800	0.07651989162	2.36551308632	0.00050989789	1.69367396832
1018	 4.800	0.07652755082	2.26716589928	0.00050833909	1.69367635250
1018	 4.800	0.07646492124	2.20447134972	0.00050838396	1.69362509251
1018	 4.800	0.07649645209	2.16762900352	0.00050825858	1.69361710548
1018	 4.800	0.07654787600	2.08248710632	0.00050726836	1.69360983372
1018	 4.800	0.07651119679	2.04831457138	0.00050728297	1.69362831116
1018	 4.800	0.07651133835	2.00986814499	0.00050663133	1.69358623028
1018	 4.799	0.07649625093	1.93487298489	0.00050635211	1.69357240200
1018	 4.799	0.07649669796	1.91847085953	0.00050644408	1.69359612465
1018	 4.799	0.07650580257	1.84240508080	0.00050523510	1.69357264042
1018	 4.800	0.07647236437	1.83931040764	0.00050586084	1.69356775284
1017	 4.799	0.07652170211	1.80398476124	0.00050487398	1.69351649284
1018	 4.799	0.07648307830	1.77943229675	0.00050498487	1.69353926182
1018	 4.799	0.07647452503	1.72641098499	0.00050436700	1.69355940819
1018	 4.799	0.07645233721	1.67484033108	0.00050106662	1.69350111485
1017	 4.800	0.07648977637	1.64571905136	0.00049929688	1.69350969791
1018	 4.799	0.07648695260	1.59251320362	0.00048557948	1.69349145889
1018	 4.800	0.07651884109	1.48263812065	0.00036691737	1.69357907772
1017	 4.799	0.07651505619	1.38048338890	0.00023509533	1.69355249405
1018	 4.798	0.07649802417	1.37013244629	0.00022982463	1.69358515739
1018	 4.798	0.07651243359	1.36930048466	0.00022697843	1.69354534149
1018	 4.798	0.07651329786	1.22682428360	0.00014407543	1.69358360767
1018	 4.798	0.07645794749	1.14007854462	-0.00002582049	1.69355642796
1018	 4.797	0.07652044296	1.09214413166	-0.00007458823	1.69351625443
1018	 4.797	0.07647705823	1.02413940430	-0.00011207098	1.69349086285
1018	 4.797	0.07650085539	0.92202949524	-0.00011432842	1.69350445271
1018	 4.796	0.07649820298	0.73870015144	-0.00011471644	1.69358575344
1018	 4.797	0.07649984211	0.65112990141	-0.00011514707	1.69357407093
1018	 4.796	0.07650230825	0.63176727295	-0.00011523342	1.69355499744
1017	 4.797	0.07652722299	0.54483163357	-0.00011521997	1.69354951382
1018	 4.797	0.07650487870	0.51188236475	-0.00011500466	1.69355690479
1018	 4.797	0.07647195458	0.41416695714	-0.00011534445	1.69359111786
1018	 4.797	0.07646278292	0.36905327439	-0.00011492839	1.69362664223
1018	 4.797	0.07650039345	0.30625954270	-0.00011499007	1.69360637665
1018	 4.797	0.07647888362	0.24543970823	-0.00011551153	1.69357693195
1018	 4.797	0.07644794136	0.18832819164	-0.00011514931	1.69358050823
1018	 4.797	0.07647515833	0.08950194716	-0.00011524574	1.69360733032
1018	 4.797	0.07648134232	0.01186220907	-0.00011568199	1.69366824627
1018	 4.797	0.07644727081	-0.00058513758	-0.00011537696	1.69367778301
1018	 4.797	0.07646664232	-0.00058536744	-0.00011523230	1.69361233711
1018	 4.797	0.07645080239	-0.00058596506	-0.00011578517	1.69363605976
1018	 4.797	0.07643657178	-0.00058568578	-0.00011563154	1.69361674786
1018	 4.797	0.07647302002	-0.00058593025	-0.00011547902	1.69356536865
1018	 4.797	0.07645665854	-0.00058587862	-0.00011576388	1.69354867935
1018	 4.797	0.07642901689	-0.00058598287	-0.00011544763	1.69352674484
