/// SU2 - Version 2.00
/// 
P,mBar	T2,K	V(Ge),V	V(Coil),V)	V(Sample-V),V	V(Sample-I),V


673	 3.876	0.14476822317	-0.00058570737	-0.00011681865	1.65497148037
673	 3.871	0.14404958487	-0.00058606843	-0.00011655848	1.65494787693
672	 3.872	0.14449585974	-0.00058601465	-0.00011692181	1.65495026112
672	 3.868	0.14403486252	0.18572872877	-0.00011664146	1.65499353409
672	 3.878	0.14361600578	0.22224000096	-0.00011890447	1.65504014492
672	 3.880	0.14352026582	0.24195408821	-0.00011640820	1.65502023697
672	 3.882	0.14347559214	0.24123302102	-0.00011592487	1.65504717827
672	 3.884	0.14349502325	0.29281860590	-0.00011538884	1.65506362915
672	 3.883	0.14355289936	0.32694402337	-0.00011642503	1.65509164333
671	 3.880	0.14389468729	0.34287077188	-0.00011563667	1.65512228012
672	 3.868	0.14497980475	0.37237313390	-0.00011628148	1.65512764454
672	 3.866	0.14441810548	0.42903339863	-0.00011545500	1.65510809422
671	 3.869	0.14405423403	0.51922899485	-0.00011590132	1.65507304668
672	 3.875	0.14389036596	0.54282695055	-0.00011584188	1.65506935120
671	 3.881	0.14350795746	0.62752765417	-0.00011553237	1.65509736538
672	 3.885	0.14320398867	0.64318221807	-0.00011578020	1.65507507324
671	 3.888	0.14324414730	0.71242475510	-0.00011577796	1.65501511097
671	 3.888	0.14326886833	0.85417908430	-0.00011473952	1.65508246422
671	 3.885	0.14337880909	0.92683172226	-0.00011470812	1.65509366989
671	 3.888	0.14363817871	0.98425567150	-0.00011477541	1.65514457226
671	 3.876	0.14411394298	1.02706718445	-0.00011536078	1.65519499779
671	 3.877	0.14370958507	1.03409564495	-0.00011501315	1.65514135361
671	 3.884	0.14340931177	1.05002784729	-0.00011549424	1.65516448021
671	 3.887	0.14337167144	1.10555648804	-0.00011511295	1.65517568588
671	 3.888	0.14329348505	1.15391910076	-0.00011482251	1.65513360500
670	 3.885	0.14385792613	1.27908873558	-0.00011532378	1.65517604351
670	 3.882	0.14369289577	1.37593173981	-0.00011158947	1.65516722202
670	 3.883	0.14338485897	1.42365539074	-0.00010517050	1.65517151356
670	 3.886	0.14353933930	1.44862866402	-0.00010224026	1.65514731407
670	 3.878	0.14458912611	1.49519217014	-0.00009288768	1.65513479710
670	 3.872	0.14402201772	1.49344766140	-0.00009003931	1.65517079830
670	 3.878	0.14365173876	1.50396156311	-0.00008640256	1.65523982048
670	 3.881	0.14347311854	1.56221997738	-0.00006198046	1.65515267849
669	 3.885	0.14311611652	1.59826445580	-0.00003986959	1.65525174141
670	 3.891	0.14276486635	1.67557621002	0.00005042654	1.65521502495
670	 3.898	0.14255714417	1.72635924816	0.00009365587	1.65519452095
669	 3.899	0.14270694554	1.78276646137	0.00014431006	1.65523982048
669	 3.893	0.14317160845	1.81009006500	0.00017457693	1.65524411201
669	 3.892	0.14290508628	1.86725819111	0.00024233597	1.65533113480
669	 3.892	0.14287684858	1.92332541943	0.00029552341	1.65529191494
669	 3.895	0.14270868897	1.94965755939	0.00032134063	1.65525400639
669	 3.899	0.14237956703	2.03288722038	0.00039126963	1.65522444248
669	 3.899	0.14323616028	2.08144569397	0.00041774177	1.65522205830
668	 3.888	0.14312893152	2.11819958687	0.00043208568	1.65529954433
669	 3.889	0.14297470450	2.17650508881	0.00044001630	1.65529417992
669	 3.892	0.14285321534	2.24641418457	0.00044405559	1.65533840656
669	 3.896	0.14252091944	2.25869441032	0.00044470938	1.65533351898
669	 3.898	0.14244069159	2.31946158409	0.00044615153	1.65533113480
668	 3.900	0.14248359203	2.40633559227	0.00044749613	1.65531075001
668	 3.899	0.14266243577	2.43738389015	0.00044822507	1.65528261662
668	 3.896	0.14288789034	2.46358251572	0.00044814535	1.65528678894
668	 3.893	0.14314442873	2.52862215042	0.00044855804	1.65533781052
668	 3.891	0.14316092432	2.59104800224	0.00044932397	1.65535187721
667	 3.890	0.14356508851	2.63930201530	0.00044977706	1.65537762642
668	 3.885	0.14332544804	2.73019433022	0.00045065064	1.65546917915
668	 3.885	0.14330078661	2.78041362762	0.00045140434	1.65550196171
668	 3.888	0.14301994443	2.84339594841	0.00045215568	1.65557610989
667	 3.893	0.14292156696	2.85712409019	0.00045221290	1.65559720993
667	 3.888	0.14342932403	2.85577058792	0.00045224320	1.65556299686
667	 3.884	0.14347906411	2.89168071747	0.00045214113	1.65555191040
667	 3.886	0.14298863709	2.94779849052	0.00045320194	1.65548682213
667	 3.890	0.14285951853	2.96475863457	0.00045594716	1.65555572510
667	 3.896	0.14267657697	2.96441841125	0.00045379196	1.65555810928
667	 3.894	0.14308327436	2.84056758881	0.00045187326	1.65563917160
667	 3.891	0.14307421446	2.75574231148	0.00045116004	1.65564715862
666	 3.894	0.14305391908	2.69633078575	0.00045033146	1.65565788746
667	 3.892	0.14291517437	2.60068392754	0.00044997261	1.65562784672
666	 3.895	0.14267125726	2.48756718636	0.00044856529	1.65569067001
667	 3.896	0.14279694855	2.42764306068	0.00044783641	1.65572094917
667	 3.894	0.14304232597	2.28415298462	0.00044579207	1.65571022034
666	 3.893	0.14286151528	2.20994758606	0.00044292567	1.65571439266
666	 3.895	0.14274941385	2.15088486671	0.00043757091	1.65567159653
666	 3.894	0.14296962321	2.03519678116	0.00039149780	1.65568506718
666	 3.894	0.14318683743	1.91799199581	0.00028157022	1.65571153164
666	 3.886	0.14355322719	1.85145509243	0.00021622995	1.65569114685
666	 3.883	0.14341968298	1.79785001278	0.00015887860	1.65577602386
666	 3.887	0.14322327077	1.72976946831	0.00010601741	1.65581345558
666	 3.890	0.14330305159	1.66204786301	0.00005054221	1.65581536293
666	 3.888	0.14361070096	1.49885964394	-0.00005696095	1.65579378605
666	 3.887	0.14349864423	1.44765067101	-0.00008645524	1.65575897694
665	 3.889	0.14374297857	1.33119487762	-0.00011361811	1.65582704544
666	 3.888	0.14326904714	1.22925460339	-0.00011512305	1.65584719181
665	 3.890	0.14338658750	1.10987639427	-0.00011415079	1.65593421459
666	 3.884	0.14396110177	1.04048550129	-0.00011535070	1.65594053268
666	 3.874	0.14435392618	0.95369076729	-0.00011471485	1.65600156784
665	 3.875	0.14408670366	0.76568067074	-0.00011509164	1.65595483780
666	 3.881	0.14415243268	0.59887194633	-0.00011559067	1.65601015091
665	 3.877	0.14418667555	0.42389175296	-0.00011585308	1.65604293346
665	 3.878	0.14381800592	0.23169802129	-0.00011670535	1.65602231026
665	 3.884	0.14343982935	0.14284136891	-0.00011608634	1.65601170063
665	 3.890	0.14330522716	0.13134509325	-0.00011652593	1.65608704090
665	 3.889	0.14344348013	0.11842207611	-0.00011635884	1.65616405010
665	 3.892	0.14312276244	0.03329893574	-0.00011658985	1.65612769127
665	 3.892	0.14322105050	-0.00058442698	-0.00011621419	1.65614974499
664	 3.894	0.14327967167	-0.00058489799	-0.00011631623	1.65619063377
