/// SU2 - Version 2.00
/// 
P,mBar	T2,K	V(Ge),V	V(Coil),V)	V(Sample-V),V	V(Sample-I),V


1019	 6.795	0.02172853611	-0.00058623642	0.00027483777	1.69833862782
1019	 6.795	0.02172216214	-0.00058634859	0.00027489278	1.69829344749
1019	 6.795	0.02171426453	0.04374095798	0.00047754627	1.69834744930
1019	 6.796	0.02171884291	0.13841997087	0.00080547296	1.69835448265
1019	 6.797	0.02171058767	0.18250511587	0.00085117482	1.69837188721
1019	 6.797	0.02172273025	0.21041885018	0.00086571078	1.69839930534
1018	 6.797	0.02171875350	0.30151563883	0.00088311982	1.69839477539
1019	 6.797	0.02173607983	0.40875449777	0.00088933145	1.69841766357
1019	 6.797	0.02170998789	0.52174746990	0.00090068259	1.69842183590
1019	 6.797	0.02173629403	0.62248808146	0.00089385867	1.69845771790
1019	 6.797	0.02171243727	0.66986632347	0.00089272246	1.69842815399
1019	 6.797	0.02172520384	0.72457724810	0.00089531881	1.69844317436
1019	 6.797	0.02171801217	0.79815971851	0.00089201954	1.69844639301
1019	 6.797	0.02171736956	0.87337809801	0.00089305133	1.69841504097
1019	 6.797	0.02173060365	0.87551581860	0.00089270814	1.69841933250
1019	 6.798	0.02171847411	0.87768930197	0.00089268008	1.69842195511
1019	 6.798	0.02172544599	0.86085677147	0.00089102826	1.69841623306
1019	 6.798	0.02171744406	0.91840779781	0.00089059985	1.69838702679
1019	 6.798	0.02171902545	1.01602137089	0.00089336751	1.69835186005
1019	 6.798	0.02172739245	1.08315145969	0.00089390576	1.69839394093
1019	 6.797	0.02171127498	1.11221361160	0.00089439581	1.69833374023
1018	 6.798	0.02171812579	1.19381487370	0.00089431630	1.69832313061
1019	 6.798	0.02171203867	1.21231377125	0.00089371076	1.69837355614
1019	 6.798	0.02171978727	1.32584488392	0.00089340465	1.69831752777
1019	 6.798	0.02171067148	1.39783585072	0.00089420343	1.69834494591
1019	 6.798	0.02171907015	1.50868904591	0.00089553231	1.69838857651
1019	 6.798	0.02171890810	1.54931378365	0.00089471368	1.69847571850
1019	 6.798	0.02171825804	1.61799061298	0.00089481898	1.69848835468
1019	 6.798	0.02170351520	1.72197210789	0.00089630362	1.69847810268
1019	 6.798	0.02173096314	1.79773700237	0.00090295036	1.69852662086
1019	 6.798	0.02172060497	1.84872519970	0.00089619961	1.69851660728
1019	 6.798	0.02173109166	1.84561693668	0.00089613593	1.69850814342
1019	 6.798	0.02173023112	1.93686413765	0.00089673587	1.69851005077
1019	 6.798	0.02172405645	1.95504641533	0.00089623913	1.69847488403
1019	 6.798	0.02172907069	2.16870307922	0.00089642516	1.69847893715
1019	 6.798	0.02170809172	2.36591076851	0.00089829462	1.69850170612
1019	 6.798	0.02173985168	2.45739555359	0.00090219616	1.69850480556
1019	 6.798	0.02171873115	2.59112858772	0.00090584526	1.69849622250
1019	 6.798	0.02171290852	2.74875426292	0.00089946092	1.69854462147
1019	 6.798	0.02171183750	2.83781361580	0.00090010575	1.69855880737
1019	 6.798	0.02174382843	2.94018959999	0.00090023578	1.69851911068
1019	 6.798	0.02171687223	2.84496879578	0.00088860764	1.69852292538
1019	 6.798	0.02173731662	2.63028192520	0.00089913915	1.69852936268
1019	 6.798	0.02173032798	2.38342142105	0.00088758714	1.69850838184
1019	 6.798	0.02172132581	2.21364712715	0.00089775631	1.69850099087
1019	 6.798	0.02172402665	2.08929586411	0.00089741428	1.69850802422
1019	 6.798	0.02170099132	1.84164476395	0.00089482591	1.69852769375
1019	 6.798	0.02172132581	1.70878684521	0.00089621311	1.69854032993
1019	 6.798	0.02171797864	1.51243543625	0.00089572719	1.69854450226
1019	 6.799	0.02172329091	1.27251088619	0.00089434808	1.69856417179
1019	 6.798	0.02170961909	1.12654542923	0.00088637916	1.69853723049
1019	 6.799	0.02172178216	1.05439007282	0.00089387019	1.69853103161
1019	 6.799	0.02171129175	0.95214587450	0.00089296408	1.69855940342
1019	 6.799	0.02169281058	0.77513664961	0.00089328137	1.69855761528
1019	 6.799	0.02171425335	0.64181876183	0.00089298858	1.69857466221
1019	 6.799	0.02171784081	0.41605541110	0.00089278334	1.69867575169
1019	 6.799	0.02170474827	0.28034013510	0.00088294491	1.69864666462
1019	 6.799	0.02169971168	0.27213376760	0.00088176515	1.69864606857
1019	 6.799	0.02170392126	0.19632343948	0.00086557947	1.69865930080
1019	 6.799	0.02171234228	0.18247969449	0.00085260213	1.69862568378
1019	 6.799	0.02169054560	0.16320629418	0.00083954865	1.69861531258
1019	 6.799	0.02170539647	0.14832870662	0.00082472764	1.69860541821
1019	 6.799	0.02169617824	0.10525035858	0.00079305383	1.69861483574
1019	 6.799	0.02170145884	0.09473919868	0.00068431156	1.69858026505
1020	 6.799	0.02171980031	0.08998779953	0.00066056859	1.69856798649
1019	 6.798	0.02168591321	0.06672482938	0.00058931258	1.69853520393
1019	 6.798	0.02168885805	0.04175547510	0.00047534110	1.69858539104
1019	 6.798	0.02170206234	0.03458959609	0.00045450262	1.69858360291
1019	 6.798	0.02170895413	0.02642675117	0.00042871310	1.69862234592
1020	 6.798	0.02170678601	0.00288407714	0.00030712262	1.69862282276
1019	 6.798	0.02169282362	0.00188381528	0.00030218382	1.69860041142
1019	 6.798	0.02169664390	0.00967338961	0.00033954330	1.69862341881
