/// SU2 - Version 2.00
/// 
P,mBar	T2,K	V(Ge),V	V(Coil),V)	V(Sample-V),V	V(Sample-I),V


146	 2.847	0.29715189338	-0.00058698322	-0.00011698782	1.66120815277
145	 2.846	0.29757559299	-0.00058659178	-0.00011658748	1.66122686863
146	 2.845	0.29724177718	-0.00058661756	-0.00011646860	1.66131484509
145	 2.846	0.29745784402	-0.00058640901	-0.00011700689	1.66134190559
146	 2.845	0.29764276743	-0.00058663782	-0.00011665028	1.66138470173
145	 2.845	0.29742765427	-0.00058661756	-0.00011697436	1.66137385368
145	 2.845	0.29779201746	-0.00058630703	-0.00011674335	1.66135287285
146	 2.844	0.29764524102	0.03473218903	-0.00011656841	1.66138923168
145	 2.845	0.29766038060	0.04159601033	-0.00011686670	1.66140937805
145	 2.844	0.29794731736	0.08119299263	-0.00011745768	1.66141939163
145	 2.844	0.29773381352	0.11776277423	-0.00011665811	1.66142189503
144	 2.844	0.29787853360	0.16155345738	-0.00011542680	1.66144394875
145	 2.843	0.29808518291	0.15566596389	-0.00011660092	1.66143035889
145	 2.843	0.29776105285	0.19141393900	-0.00011736684	1.66148972511
144	 2.843	0.29809349775	0.31339606643	-0.00011708312	1.66147470474
145	 2.842	0.29804572463	0.34016221762	-0.00011591797	1.66149079800
145	 2.843	0.29803976417	0.46449008584	-0.00011691827	1.66146337986
144	 2.843	0.29831573367	0.49415844679	-0.00011640690	1.66143119335
145	 2.842	0.29802298546	0.65373748541	-0.00011623196	1.66141128540
144	 2.843	0.29814603925	0.69963723421	-0.00011571386	1.66138744354
144	 2.842	0.29829406738	0.96690005064	-0.00011562751	1.66140091419
145	 2.842	0.29808589816	1.06536781788	-0.00011553892	1.66141307354
144	 2.843	0.29831230640	1.13957965374	-0.00011510493	1.66142106056
145	 2.842	0.29831340909	1.28894495964	-0.00011490195	1.66140007973
144	 2.842	0.29824289680	1.31750464439	-0.00011505670	1.66143715382
144	 2.842	0.29847022891	1.46810102463	-0.00011208942	1.66149091721
144	 2.842	0.29829451442	1.47308516502	-0.00011476176	1.66146838665
144	 2.842	0.29841464758	1.49913120270	-0.00011498605	1.66150891781
144	 2.841	0.29858908057	1.59272134304	-0.00011445673	1.66153919697
144	 2.842	0.29838630557	1.65597152710	-0.00011335438	1.66147696972
144	 2.842	0.29855045676	1.66702532768	-0.00011336784	1.66145908833
144	 2.841	0.29838258028	1.66898214817	-0.00011291367	1.66150832176
144	 2.842	0.29837816954	1.71539473534	-0.00010190583	1.66155207157
144	 2.841	0.29865974188	1.72810018063	-0.00011174292	1.66150808334
144	 2.841	0.29848897457	1.77476608753	-0.00010796711	1.66150486469
144	 2.842	0.29853910208	1.80197000504	-0.00010604163	1.66151201725
144	 2.841	0.29873010516	1.82336366177	-0.00010477443	1.66145634651
144	 2.841	0.29836407304	1.92519867420	-0.00008578769	1.66144299507
144	 2.842	0.29875311255	1.97521185875	-0.00007884613	1.66153836250
144	 2.841	0.29846161604	2.03537130356	-0.00005292903	1.66155552864
143	 2.842	0.29827913642	2.11888599396	0.00000405695	1.66148889065
144	 2.842	0.29818698764	2.17853188515	0.00006087465	1.66149818897
144	 2.843	0.29778888822	2.21254897118	0.00009721083	1.66155707836
144	 2.845	0.29769968987	2.27775621414	0.00016052712	1.66150987148
144	 2.845	0.29754942656	2.37981939316	0.00024204745	1.66155385971
144	 2.847	0.29699236155	2.43251633644	0.00029703943	1.66149568558
143	 2.848	0.29700294137	2.50105333328	0.00035680088	1.66149699688
144	 2.849	0.29653215408	2.68594431877	0.00042079570	1.66149163246
143	 2.851	0.29639118910	2.84841585159	0.00043200760	1.66146552563
143	 2.851	0.29663085938	2.93517756462	0.00043463730	1.66144871712
144	 2.851	0.29630672932	2.95196175575	0.00043675900	1.66146683693
143	 2.852	0.29643389583	2.94725179672	0.00043497814	1.66143119335
144	 2.851	0.29650899768	2.83636069298	0.00042355648	1.66145586967
143	 2.851	0.29633983970	2.73826766014	0.00042678273	1.66141748428
143	 2.851	0.29668393731	2.63888287544	0.00041231085	1.66145789623
144	 2.850	0.29660099745	2.58617496490	0.00039842445	1.66142129898
143	 2.851	0.29657489061	2.53914141655	0.00037924602	1.66144943237
143	 2.850	0.29690718651	2.50922632217	0.00036190668	1.66140007973
144	 2.850	0.29672226310	2.50635099411	0.00035831388	1.66144073009
143	 2.850	0.29691821337	2.47507023811	0.00033652247	1.66130042076
143	 2.849	0.29708474874	2.46203327179	0.00032656887	1.66136240959
143	 2.849	0.29692032933	2.44269609451	0.00030801390	1.66138947010
143	 2.848	0.29731255770	2.43695998192	0.00030115305	1.66143906116
143	 2.848	0.29706770182	2.41666007042	0.00028168183	1.66132223606
143	 2.848	0.29733890295	2.39818692207	0.00025707681	1.66141092777
143	 2.847	0.29759907722	2.36086106300	0.00022313040	1.66140437126
143	 2.847	0.29756149650	2.27332401276	0.00013790601	1.66141116619
142	 2.846	0.29810512066	2.22166562080	0.00009194806	1.66133582592
143	 2.844	0.29824972153	2.19166445732	0.00006996609	1.66136479378
143	 2.844	0.29808905721	2.16188478470	0.00004838103	1.66137337685
143	 2.843	0.29859477282	2.15625095367	0.00004396605	1.66136753559
143	 2.843	0.29837998748	2.08086133003	-0.00000333650	1.66135418415
143	 2.843	0.29862055182	1.95829284191	-0.00006264609	1.66141629219
143	 2.841	0.29903984070	1.92257010937	-0.00007440193	1.66138184071
143	 2.841	0.29883033037	1.88117206097	-0.00008636522	1.66140007973
143	 2.840	0.29914936423	1.81655728817	-0.00010003080	1.66139411926
143	 2.840	0.29908978939	1.79636967182	-0.00010301826	1.66137254238
142	 2.840	0.29900261760	1.76102864742	-0.00010748712	1.66134226322
142	 2.840	0.29920205474	1.65639007092	-0.00011437263	1.66138303280
143	 2.839	0.29912999272	1.63585925102	-0.00011424031	1.66141545773
142	 2.839	0.29920753837	1.49784362316	-0.00011503651	1.66145670414
143	 2.839	0.29936051369	1.48190486431	-0.00011470121	1.66144013405
143	 2.839	0.29906061292	1.26884567738	-0.00011543350	1.66147530079
142	 2.839	0.29941284657	1.17441070080	-0.00011456327	1.66148304939
143	 2.839	0.29919901490	0.99892038107	-0.00011579459	1.66148340702
142	 2.839	0.29926601052	0.71991282701	-0.00011564545	1.66148889065
142	 2.839	0.29951596260	0.61249613762	-0.00011636091	1.66147983074
143	 2.839	0.29919967055	0.38810017705	-0.00011688126	1.66147351265
142	 2.839	0.29946157336	0.29836881161	-0.00011708424	1.66144990921
142	 2.839	0.29939851165	0.21633207798	-0.00011654484	1.66141748428
142	 2.839	0.29921865463	0.18738774955	-0.00011693846	1.66149520874
142	 2.839	0.29953375459	0.12515693903	-0.00011618375	1.66148126125
142	 2.839	0.29928278923	0.10095621645	-0.00011741955	1.66148042679
142	 2.839	0.29934620857	-0.00058469910	-0.00011658634	1.66147458553
142	 2.839	0.29951012135	-0.00058551767	-0.00011710668	1.66149556637
