/// SU2 - Version 2.00
/// 
P,mBar	T2,K	V(Ge),V	V(Coil),V)	V(Sample-V),V	V(Sample-I),V


1018	 5.996	0.03403024003	-0.00058601459	-0.00011542732	1.69586944580
1018	 5.997	0.03407428414	-0.00058609521	-0.00011532977	1.69584691525
1018	 5.997	0.03404704109	-0.00058618828	-0.00011526360	1.69587063789
1018	 5.997	0.03406467661	0.08150918782	-0.00011525800	1.69589567184
1018	 5.997	0.03404848650	0.17543101311	-0.00011519071	1.69591379166
1018	 5.997	0.03403427079	0.20480282605	-0.00011514249	1.69593954086
1018	 5.997	0.03406519815	0.22749151289	-0.00011501016	1.69586312771
1018	 5.997	0.03404776007	0.29657587409	-0.00011549237	1.69588601589
1018	 5.997	0.03405262157	0.33427780867	-0.00011477128	1.69589507580
1018	 5.997	0.03405630589	0.34662058949	-0.00011561235	1.69588124752
1018	 5.997	0.03405357152	0.39092627168	-0.00011528041	1.69591605663
1018	 5.997	0.03403292224	0.43514385819	-0.00011066682	1.69587635994
1018	 5.997	0.03404849768	0.50479996204	-0.00000818662	1.69588696957
1018	 5.997	0.03402365372	0.52145111561	0.00003166244	1.69590640068
1018	 5.997	0.03407228738	0.54978555441	0.00009949916	1.69589734077
1018	 5.997	0.03401783481	0.62547940016	0.00032924206	1.69590449333
1018	 5.998	0.03406566009	0.66892278194	0.00044663504	1.69588267803
1018	 5.998	0.03404237702	0.74353432655	0.00061739376	1.69583356380
1017	 5.999	0.03401800618	0.89759910107	0.00067042880	1.69586837292
1018	 5.999	0.03403693438	0.94835668802	0.00067022006	1.69586157799
1018	 5.999	0.03407523781	0.96614873409	0.00067247194	1.69584536552
1018	 5.999	0.03408011049	0.99354577065	0.00067468552	1.69582474232
1018	 5.999	0.03402955458	1.03704535961	0.00067623198	1.69587790966
1018	 5.999	0.03404168785	1.10395979881	0.00067680940	1.69594097137
1018	 5.999	0.03406402096	1.14245617390	0.00067715242	1.69590961933
1018	 5.999	0.03402905166	1.20148026943	0.00067709299	1.69593012333
1018	 5.999	0.03408250958	1.22730588913	0.00067725091	1.69585657120
1018	 5.999	0.03403813392	1.28047633171	0.00067591993	1.69587814808
1018	 5.999	0.03407076374	1.35206043720	0.00067742704	1.69588732719
1018	 5.999	0.03406089917	1.40423798561	0.00067792833	1.69591045380
1018	 5.999	0.03403402492	1.42103743553	0.00067809981	1.69592404366
1018	 5.999	0.03404724225	1.47618281841	0.00067854265	1.69592869282
1018	 5.999	0.03405513987	1.49559962749	0.00067816029	1.69596040249
1018	 5.999	0.03405245766	1.53669035435	0.00067825563	1.69596266747
1018	 5.999	0.03404046968	1.59766054153	0.00067856832	1.69595801830
1018	 5.999	0.03405138105	1.65819549561	0.00067937915	1.69593417645
1018	 5.999	0.03406110406	1.70302736759	0.00067944097	1.69594061375
1018	 5.999	0.03404175490	1.77655923367	0.00067928171	1.69597780704
1018	 5.999	0.03406101465	1.80076849461	0.00067925366	1.69589447975
1018	 5.999	0.03404004872	1.83035755157	0.00067978760	1.69590806961
1018	 5.999	0.03403579816	1.84104299545	0.00067975605	1.69589948654
1018	 5.999	0.03406891972	1.89478647709	0.00068003638	1.69591653347
1018	 5.999	0.03407016769	1.95261931419	0.00068011053	1.69595015049
1018	 5.999	0.03409053013	2.04960608482	0.00068045245	1.69589066505
1018	 5.999	0.03404089808	2.08953118324	0.00068152678	1.69595563412
1018	 5.999	0.03407547250	2.16052222252	0.00068167935	1.69594609737
1018	 5.999	0.03404922783	2.17276692390	0.00068170519	1.69595682621
1018	 5.999	0.03409712017	2.27341938019	0.00068197207	1.69593381882
1018	 5.999	0.03406946361	2.37153124809	0.00068256195	1.69589126110
1018	 5.999	0.03407060727	2.40221524239	0.00068340643	1.69588172436
1018	 5.999	0.03407647088	2.43011307716	0.00068277953	1.69589376450
1018	 5.999	0.03407374769	2.45032715797	0.00068336824	1.69593715668
1018	 5.999	0.03409703076	2.48946690559	0.00068366213	1.69594216347
1017	 5.999	0.03407508880	2.54003310204	0.00068318221	1.69595122337
1018	 5.999	0.03408663347	2.58852553368	0.00068449770	1.69590258598
1018	 5.999	0.03405024484	2.64070129395	0.00068466249	1.69588446617
1018	 5.999	0.03405265510	2.69011306763	0.00068444601	1.69588053226
1018	 5.999	0.03410536423	2.72554326057	0.00068491476	1.69594466686
1018	 5.999	0.03406615555	2.79298257828	0.00068590051	1.69588887691
1018	 5.999	0.03408239409	2.84866142273	0.00068579958	1.69588351250
1018	 5.999	0.03408702835	2.93340086937	0.00068628846	1.69588601589
1018	 5.999	0.03408655152	2.95865368843	0.00068638712	1.69593048096
1017	 5.999	0.03407331556	2.85744452477	0.00068578939	1.69593381882
1018	 5.999	0.03409708664	2.75141954422	0.00068488193	1.69591283798
1018	 5.999	0.03409256041	2.68426752090	0.00068456563	1.69593071938
1018	 5.999	0.03404840827	2.58127689362	0.00068408455	1.69596338272
1017	 5.999	0.03404454142	2.48146653175	0.00068362011	1.69592034817
1018	 5.999	0.03404767811	2.38177609444	0.00068338920	1.69591987133
1018	 5.999	0.03406564891	2.36442112923	0.00068298995	1.69593894482
1018	 5.999	0.03409215063	2.23778295517	0.00068176206	1.69591212273
1018	 5.999	0.03404829651	2.16084027290	0.00068193051	1.69593036175
1018	 6.000	0.03408644348	2.06710720062	0.00068077428	1.69594526291
1018	 6.000	0.03406005353	1.93050241470	0.00068026752	1.69593811035
1018	 5.999	0.03407282382	1.87430882454	0.00068019383	1.69597220421
1017	 6.000	0.03408185020	1.82755243778	0.00067997293	1.69597899914
1018	 6.000	0.03407891095	1.76455402374	0.00067905308	1.69595885277
1018	 6.000	0.03404883295	1.64864301682	0.00067883206	1.69599163532
1018	 6.000	0.03409296274	1.57699322701	0.00067837676	1.69597613811
1018	 5.999	0.03405993432	1.49345088005	0.00067857298	1.69601547718
1018	 6.000	0.03408075869	1.43722486496	0.00067834213	1.69594764709
1018	 6.000	0.03404926881	1.33755421638	0.00067633361	1.69592165947
1018	 6.000	0.03403256834	1.21578311920	0.00067728234	1.69588625431
1018	 6.000	0.03406634182	1.07525658607	0.00067664980	1.69588041306
1018	 6.000	0.03403144702	0.98518276215	0.00067464914	1.69591522217
1018	 6.000	0.03406511992	0.73128163815	0.00060406170	1.69592571259
1018	 6.000	0.03403303027	0.69298452139	0.00053593004	1.69593691826
1018	 6.000	0.03403879330	0.65862756968	0.00043522191	1.69590950012
1018	 6.000	0.03407339007	0.64237856865	0.00039063819	1.69595563412
1018	 5.999	0.03407248110	0.63465088606	0.00036949577	1.69596862793
1018	 5.999	0.03403571993	0.62042939663	0.00032957282	1.69599854946
1018	 5.999	0.03406514227	0.58481514454	0.00022711176	1.69597661495
1018	 5.999	0.03402968496	0.58827757835	0.00023506046	1.69601678848
1018	 5.999	0.03402256221	0.58109539747	0.00021255210	1.69595277309
1018	 5.999	0.03403164074	0.54742860794	0.00011274660	1.69595205784
1018	 5.999	0.03406079859	0.50004035234	-0.00000770004	1.69593822956
1018	 5.998	0.03404678777	0.46645414829	-0.00007319410	1.69596493244
1018	 5.998	0.03403346986	0.46208804846	-0.00008290236	1.69597721100
1018	 5.998	0.03402785957	0.41433140635	-0.00011386519	1.69605541229
1018	 5.998	0.03401153535	0.33087745309	-0.00011528157	1.69603860378
1018	 5.998	0.03403841332	0.29015439749	-0.00011486664	1.69601225853
1018	 5.998	0.03405516595	0.18999572098	-0.00011576939	1.69599831104
1018	 5.998	0.03404758498	0.13972762227	-0.00011519970	1.69599735737
1018	 5.998	0.03402407467	0.03712583706	-0.00011499559	1.69594740868
1018	 5.998	0.03403536975	-0.00058445561	-0.00011573237	1.69597840309
