/// SU2 - Version 2.00
/// 
P,mBar	T2,K	V(Ge),V	V(Coil),V)	V(Sample-V),V	V(Sample-I),V


1017	 6.597	0.02419611998	-0.00058638450	-0.00011519968	1.69805586338
1017	 6.597	0.02418525144	0.07664506882	-0.00010843630	1.69809460640
1018	 6.597	0.02420092747	0.07983790338	-0.00011481392	1.69810283184
1017	 6.597	0.02417768352	0.15971323848	0.00025821794	1.69808769226
1017	 6.598	0.02418376878	0.19978678226	0.00047481415	1.69812953472
1018	 6.598	0.02420154586	0.27801942825	0.00072329829	1.69807779789
1018	 6.599	0.02419886738	0.31366714835	0.00078523962	1.69808793068
1018	 6.599	0.02417870611	0.37456354499	0.00081056368	1.69811630249
1018	 6.600	0.02421739511	0.43058732152	0.00081892969	1.69814729691
1018	 6.600	0.02419290692	0.51545441151	0.00082290068	1.69819509983
1017	 6.600	0.02419530228	0.59700065851	0.00082854612	1.69820153713
1017	 6.600	0.02419795841	0.66480058432	0.00082820409	1.69818603992
1018	 6.600	0.02420477569	0.81715703011	0.00082929450	1.69823944569
1017	 6.600	0.02420369349	0.97078287601	0.00082990236	1.69825112820
1017	 6.600	0.02420460992	1.03328847885	0.00083042943	1.69822371006
1018	 6.599	0.02421526797	1.12343060970	0.00083718612	1.69818735123
1017	 6.599	0.02419705689	1.17054581642	0.00083117635	1.69822454453
1018	 6.599	0.02421345189	1.18792247772	0.00082966679	1.69821822643
1017	 6.600	0.02419790812	1.18797087669	0.00083001528	1.69817030430
1018	 6.600	0.02422962897	1.27066850662	0.00082823110	1.69816029072
1017	 6.599	0.02421536855	1.35943949223	0.00082868082	1.69821429253
1018	 6.599	0.02422781847	1.51345646381	0.00083342538	1.69821548462
1017	 6.599	0.02419437841	1.52584517002	0.00082922447	1.69822847843
1018	 6.599	0.02420200408	1.64603018761	0.00083158398	1.69824039936
1018	 6.599	0.02421477251	1.80463933945	0.00083158532	1.69827198982
1018	 6.599	0.02420696616	1.86005222797	0.00083192642	1.69823229313
1018	 6.599	0.02420610934	2.03285050392	0.00083628541	1.69828391075
1018	 6.599	0.02421324141	2.09936428070	0.00083568331	1.69831109047
1018	 6.599	0.02422841266	2.16921925545	0.00083417183	1.69832491875
1018	 6.599	0.02420000732	2.20999932289	0.00083462830	1.69831335545
1018	 6.599	0.02423039824	2.44458317757	0.00084471900	1.69836497307
1018	 6.599	0.02420074120	2.55744767189	0.00085020525	1.69837021828
1017	 6.599	0.02420570329	2.69834947586	0.00083608303	1.69835948944
1018	 6.599	0.02423526533	2.93491697311	0.00083798502	1.69832611084
1018	 6.599	0.02422266640	2.95631623268	0.00084189768	1.69833004475
1018	 6.599	0.02422071062	2.96520543098	0.00083772145	1.69833862782
1017	 6.599	0.02423221618	2.84028816223	0.00083693629	1.69837212563
1018	 6.599	0.02422042377	2.40550661087	0.00083512621	1.69834375381
1017	 6.599	0.02420713194	2.20776963234	0.00083406421	1.69834232330
1018	 6.599	0.02421836741	2.02196621895	0.00083354500	1.69831454754
1018	 6.599	0.02419672348	1.81963407993	0.00083300896	1.69837439060
1018	 6.599	0.02421102859	1.81725251675	0.00083243701	1.69838249683
1018	 6.600	0.02422652207	1.81600713730	0.00083271193	1.69841754436
1018	 6.600	0.02420801111	1.69713318348	0.00083218946	1.69842970371
1018	 6.600	0.02422476001	1.57606112957	0.00083121605	1.69833385944
1018	 6.599	0.02420436218	1.53678607941	0.00083195849	1.69833290577
1018	 6.600	0.02421210147	1.30086505413	0.00083125412	1.69836521149
1018	 6.600	0.02419217490	1.28788638115	0.00083044218	1.69837164879
1018	 6.600	0.02420317940	1.08400344849	0.00083040394	1.69837641716
1018	 6.600	0.02419611439	0.81537294388	0.00082964811	1.69836127758
1018	 6.600	0.02419571765	0.81478118896	0.00082989014	1.69836616516
1018	 6.600	0.02419905923	0.56425625086	0.00082754053	1.69833409786
1018	 6.600	0.02418049797	0.33425894380	0.00079310348	1.69833397865
1018	 6.600	0.02419283427	0.32957619429	0.00079217495	1.69838213921
1018	 6.600	0.02422340214	0.29732474685	0.00075823470	1.69838535786
1018	 6.600	0.02419078164	0.29734852910	0.00075923506	1.69839680195
1018	 6.600	0.02417931519	0.27930459380	0.00072778988	1.69845438004
1018	 6.600	0.02419904806	0.27549159527	0.00072585657	1.69841074944
1018	 6.600	0.02418901771	0.25305479765	0.00065500749	1.69840216637
1018	 6.600	0.02418190055	0.24384078383	0.00065170706	1.69840514660
1018	 6.599	0.02419066802	0.23419062793	0.00060660939	1.69842362404
1018	 6.599	0.02417998202	0.23369847238	0.00060709601	1.69843006134
1018	 6.600	0.02420299686	0.22346922755	0.00057242240	1.69842541218
1018	 6.599	0.02418615110	0.19822010398	0.00056512508	1.69837903976
1018	 6.599	0.02417810261	0.19681364298	0.00047193168	1.69842231274
1018	 6.599	0.02419491485	0.19327791035	0.00045491059	1.69839406013
1018	 6.599	0.02420223318	0.18478843570	0.00041551920	1.69838845730
1018	 6.599	0.02420177869	0.14783269167	0.00024439502	1.69843912125
1018	 6.599	0.02417136356	0.14312686026	0.00016577121	1.69840884209
1018	 6.598	0.02419722080	0.13539160788	0.00010008318	1.69844734669
1018	 6.598	0.02418915555	0.10408477485	-0.00007514655	1.69844341278
1018	 6.598	0.02418333851	0.08201956749	-0.00011464685	1.69846689701
1018	 6.598	0.02419382147	0.07064689696	-0.00011535896	1.69850003719
1018	 6.598	0.02419262379	0.04402019829	-0.00011514251	1.69849181175
1018	 6.598	0.02418008633	0.03472451121	-0.00011492831	1.69850528240
1018	 6.598	0.02418933809	0.00600898266	-0.00011526474	1.69843447208
1018	 6.598	0.02417952381	-0.00058579561	-0.00011502251	1.69849181175
