/// SU2 - Version 2.00
/// 
P,mBar	T2,K	V(Ge),V	V(Coil),V)	V(Sample-V),V	V(Sample-I),V


1043	 4.319	0.11130595952	-0.00058560341	-0.00009626847	2.64038658142
1043	 4.319	0.11130879074	-0.00058589835	-0.00009601615	2.63942837715
1043	 4.319	0.11130430549	0.01266055461	-0.00009616528	2.63833785057
1043	 4.319	0.11131583154	0.04229593277	-0.00009597577	2.63743400574
1043	 4.319	0.11130496114	0.17388911545	-0.00009558552	2.63590478897
1043	 4.319	0.11130915582	0.23416054249	-0.00009634359	2.63458371162
1043	 4.319	0.11130634695	0.32356899977	-0.00009673159	2.63321733475
1043	 4.319	0.11130772531	0.38798400760	-0.00009327209	2.63228464127
1043	 4.319	0.11132191867	0.47774964571	-0.00008195716	2.63057398796
1043	 4.319	0.11130847782	0.59885424376	-0.00007737737	2.62941002846
1043	 4.319	0.11132054776	0.72664588690	-0.00009573015	2.62864470482
1043	 4.319	0.11131885648	0.75822222233	-0.00009495750	2.62808537483
1043	 4.319	0.11132247746	0.87736177444	-0.00009510213	2.62711715698
1043	 4.319	0.11131431162	0.92868345976	-0.00009507970	2.62612199783
1043	 4.319	0.11132627726	0.92637860775	-0.00009512341	2.62519741058
1043	 4.319	0.11131367832	1.10555171967	-0.00008001033	2.62497186661
1043	 4.319	0.11132819206	1.12371432781	-0.00008819428	2.62393307686
1043	 4.319	0.11131577939	1.11681580544	-0.00009519966	2.62231516838
1043	 4.319	0.11132581532	1.19733381271	-0.00009044828	2.61963033676
1043	 4.318	0.11125965416	1.30308854580	-0.00002509090	2.61735391617
1043	 4.320	0.11121416092	1.34622776508	0.00002072386	2.61647939682
1043	 4.321	0.11120628566	1.33865296841	0.00001595905	2.61511015892
1043	 4.321	0.11114645749	1.39473831654	0.00008510676	2.61387491226
1043	 4.321	0.11115355790	1.44414973259	0.00014235756	2.61230134964
1043	 4.322	0.11106511205	1.43593013287	0.00013432952	2.61117458344
1043	 4.323	0.11108310521	1.50713145733	0.00026972167	2.60947203636
1043	 4.324	0.11094708741	1.49876618385	0.00024226193	2.60774827003
1043	 4.325	0.11076631397	1.61827993393	0.00044741409	2.60752177238
1043	 4.328	0.11079678684	1.70349311829	0.00057917082	2.60623621941
1043	 4.331	0.11059272289	1.81791496277	0.00067719241	2.60549688339
1043	 4.333	0.11041350663	1.89345240593	0.00072713732	2.60254216194
1043	 4.335	0.11035569012	1.90021264553	0.00079944305	2.60170483589
1043	 4.336	0.11032435298	1.92637872696	0.00080514653	2.60040950775
1043	 4.336	0.11033041030	1.99265134335	0.00080916804	2.59963679314
1043	 4.337	0.11033764482	2.06283593178	0.00081048009	2.59796094894
1043	 4.337	0.11031971127	2.16128754616	0.00081190537	2.59681916237
1043	 4.336	0.11032820493	2.19375514984	0.00081174704	2.59517955780
1043	 4.336	0.11032664776	2.25307726860	0.00081233913	2.59340476990
1043	 4.335	0.11033722013	2.29529857635	0.00081077247	2.59114313126
1043	 4.335	0.11033176631	2.29385995865	0.00081100198	2.58995103836
1043	 4.335	0.11033724993	2.37773013115	0.00081188453	2.58815312386
1043	 4.335	0.11033234000	2.37597346306	0.00081066985	2.58610010147
1043	 4.335	0.11034691334	2.41171002388	0.00081080216	2.58530688286
1043	 4.335	0.11034117639	2.46097064018	0.00081128435	2.58317327499
1043	 4.335	0.11034757644	2.55106377602	0.00081700773	2.58157753944
1043	 4.335	0.11033945531	2.63751530647	0.00081243576	2.58279442787
1043	 4.335	0.11035029590	2.75558137894	0.00081313995	2.57959103584
1043	 4.335	0.11035235971	2.85729670525	0.00081365358	2.57739257813
1043	 4.335	0.11034716666	2.96636724472	0.00081457751	2.57468509674
1043	 4.335	0.11036396772	2.87127852440	0.00081343483	2.57425975800
1043	 4.335	0.11035991460	2.84261322021	0.00081214524	2.57127141953
1043	 4.335	0.11037146300	2.68760967255	0.00080474623	2.56827974319
1043	 4.335	0.11036600918	2.54796695709	0.00079577620	2.56766724586
1043	 4.335	0.11038648337	2.42183375359	0.00079959584	2.56464362144
1043	 4.335	0.11037599295	2.33346867561	0.00080126448	2.56286692619
1043	 4.335	0.11038807034	2.21474361420	0.00079951057	2.56065201759
1043	 4.334	0.11038554460	2.21116375923	0.00079855626	2.56011676788
1043	 4.334	0.11039738357	2.20954394341	0.00079872448	2.55989074707
1043	 4.334	0.11038867384	2.21076893806	0.00079870096	2.56065201759
1043	 4.334	0.11038877815	2.21384334564	0.00079926837	2.56005835533
1043	 4.335	0.11039686203	2.09964227676	0.00079805055	2.55818533897
1043	 4.334	0.11039198935	2.00944995880	0.00079517433	2.55837178230
1043	 4.334	0.11041228473	1.91012203693	0.00078721129	2.55868506432
1043	 4.334	0.11039821059	1.90709197521	0.00078759814	2.55991196632
1043	 4.334	0.11040851474	1.85057449341	0.00078820949	2.55868864059
1043	 4.334	0.11045806855	1.75734603405	0.00070925738	2.55871152878
1043	 4.333	0.11059243232	1.71403622627	0.00061423890	2.55816531181
1043	 4.331	0.11067430675	1.60984444618	0.00056962739	2.55879902840
1043	 4.330	0.11083266884	1.50914204121	0.00027499330	2.55756211281
1043	 4.327	0.11097525060	1.50713527203	0.00025554711	2.55570316315
1043	 4.325	0.11101333797	1.43935513496	0.00018762620	2.55398249626
1043	 4.324	0.11102464050	1.24221181870	-0.00007387958	2.55385637283
1043	 4.321	0.11132287234	1.14109802246	-0.00009573004	2.55317831039
1043	 4.319	0.11136039346	1.06777667999	-0.00009597113	2.55265188217
1043	 4.318	0.11132972687	0.92205691338	-0.00009719795	2.55221390724
1043	 4.319	0.11129959673	0.80495756865	-0.00009835859	2.55146980286
1043	 4.319	0.11117520928	0.66090595722	-0.00010362468	2.55073976517
1043	 4.321	0.11103257537	0.57238596678	-0.00010609176	2.54966115952
1043	 4.324	0.11091887951	0.47354742885	-0.00010293614	2.54925584793
1043	 4.326	0.11081703007	0.31342875957	-0.00010452855	2.54824495316
1043	 4.327	0.11069124192	0.21977187693	-0.00009900005	2.54922413826
1043	 4.329	0.11054598540	0.09519707412	-0.00009807489	2.55031466484
1043	 4.331	0.11043055356	-0.00058125932	-0.00009762969	2.54968404770
1043	 4.333	0.11032229662	-0.00058398297	-0.00009793585	2.55066609383
1043	 4.335	0.11020296812	-0.00058450556	-0.00009798407	2.55130171776
1043	 4.337	0.11010525376	-0.00058516266	-0.00009805359	2.55086445808
